100 130 10 10000
11 84
60 81
24 33
3 36
9 12
35 58
7 24
54 96
13 45
90 96
87 98
37 76
45 54
35 38
16 38
56 75
31 81
0 48
66 91
18 45
15 48
3 24
74 97
14 19
26 40
31 75
8 30
14 50
1 91
52 89
35 82
0 27
53 97
32 45
65 93
20 21
24 36
13 32
31 56
23 84
1 69
11 91
57 77
48 63
34 81
58 99
66 76
47 84
50 53
85 93
73 97
56 62
6 30
22 29
17 78
25 26
33 96
27 47
10 45
20 60
68 92
31 51
8 19
28 49
34 63
37 43
31 39
33 88
71 86
18 49
5 19
8 59
21 96
66 87
8 52
70 79
10 96
1 80
17 72
41 85
4 61
43 62
19 59
16 73
88 99
7 72
44 59
61 83
5 28
14 68
42 61
17 67
66 94
32 80
31 78
39 63
15 60
74 83
55 92
9 46
49 64
70 77
66 95
40 67
2 46
7 33
18 64
45 65
69 80
47 77
4 86
51 78
7 67
9 25
22 98
29 86
55 83
20 96
23 47
6 86
71 89
2 35
18 44
76 95
58 82
57 79
79 90
12 36
42 86
41 94
46 49
75 146
296 184
243 129
51 262
245 236
83 215
229 72
168 232
276 83
157 150
14 128
275 62
116 136
180 261
105 45
285 277
190 46
187 172
197 238
158 66
125 77
16 245
63 118
235 108
290 33
255 24
59 75
233 195
18 191
122 234
192 8
122 175
211 96
83 14
276 201
248 92
10 60
285 222
56 9
225 30
60 199
72 255
5 34
205 206
147 172
296 136
44 90
79 64
219 162
209 256
141 18
139 263
245 262
137 129
97 285
35 8
83 111
255 189
185 202
134 42
72 283
13 9
69 40
188 128
161 206
1 165
230 50
158 280
61 178
102 93
81 235
193 70
265 274
211 287
232 6
3 83
82 88
166 24
102 118
99 161
118 11
280 164
247 299
44 126
97 187
47 235
3 265
219 124
97 256
127 103
33 147
126 283
130 202
32 167
5 109
162 101
235 282
27 278
226 143
