100 133 10 10000
7 99
31 53
43 57
31 54
33 47
26 81
1 24
17 51
12 91
26 61
31 47
30 33
45 84
35 76
31 88
29 30
28 84
10 80
2 66
14 81
38 79
0 93
0 99
2 86
47 68
60 79
44 95
8 95
0 81
27 70
25 72
37 88
61 99
40 52
32 90
67 71
46 80
57 97
36 64
18 43
28 36
53 88
15 85
78 94
89 90
14 34
22 32
1 94
13 22
41 49
29 82
6 46
58 99
21 86
4 65
39 48
7 12
53 79
31 75
14 20
16 77
52 67
40 58
30 79
39 40
10 44
4 88
27 56
4 53
20 50
34 66
23 46
18 97
49 87
9 71
5 73
9 64
16 76
15 72
28 50
75 85
65 88
3 63
41 62
28 63
47 56
25 95
3 81
20 82
20 55
23 73
10 59
2 5
29 38
6 37
67 98
8 42
17 80
61 67
33 70
83 87
19 97
44 59
76 77
14 55
35 83
34 91
12 40
76 94
89 98
53 68
81 93
43 87
64 96
32 96
57 69
23 62
11 60
29 50
37 51
23 92
29 45
10 19
48 69
21 87
11 66
1 74
42 54
74 78
24 40
37 92
16 86
13 84
18 126
119 28
181 130
70 192
205 152
201 110
285 143
46 97
285 191
10 267
270 33
158 178
71 76
94 253
97 126
266 286
167 79
295 110
202 6
246 50
121 162
205 78
107 283
240 106
77 21
280 240
32 182
143 293
70 214
120 225
169 227
221 215
69 271
152 256
105 104
140 43
47 240
253 172
149 197
28 31
38 49
227 69
249 211
165 5
300 27
98 221
269 100
191 258
44 18
210 33
99 187
295 164
3 23
206 188
263 229
92 160
210 296
253 0
41 77
281 9
171 156
10 166
269 77
44 217
24 224
237 158
132 137
0 192
195 226
114 7
125 274
3 224
296 268
222 127
85 50
244 277
135 80
148 109
98 76
176 196
290 79
61 156
127 186
163 43
73 251
270 266
180 101
184 37
227 177
66 293
88 296
60 114
254 142
38 118
118 50
299 247
36 261
234 25
2 286
4 102
