100 130 10 10000
33 98
61 65
8 87
11 43
24 82
31 45
55 82
36 61
13 52
31 68
17 79
40 91
2 77
5 8
50 70
66 85
4 13
12 46
3 74
21 31
12 78
26 71
30 61
78 98
79 97
55 93
24 32
15 22
54 66
20 99
2 25
10 67
22 89
17 52
0 60
73 97
40 47
90 92
52 63
48 50
81 93
9 97
7 11
5 38
28 56
9 58
19 63
15 38
2 23
59 82
16 79
42 49
22 46
16 76
8 90
59 62
38 84
60 91
18 97
79 85
54 63
44 90
65 84
19 80
61 62
43 95
56 69
35 45
45 68
72 83
29 95
34 63
70 80
50 74
20 96
39 86
53 75
43 48
11 32
4 73
27 40
19 52
51 55
14 81
8 71
27 39
37 59
64 75
9 20
6 29
10 78
34 57
9 18
25 31
73 94
29 88
19 72
51 54
32 57
21 45
44 87
77 86
6 41
13 79
7 32
26 92
31 60
36 65
1 33
41 44
49 64
22 35
14 37
0 40
78 89
47 67
43 88
1 5
23 77
28 96
9 99
69 86
30 59
58 76
38 65
29 53
13 94
3 83
24 49
11 42
263 143
231 0
167 196
43 280
94 284
183 16
56 28
21 166
141 39
254 282
293 96
33 144
271 42
133 277
180 137
210 16
192 281
140 245
220 275
75 224
300 272
175 111
249 51
213 187
76 156
204 165
85 43
299 181
282 237
36 58
115 73
217 126
51 184
282 0
69 203
241 76
158 68
131 136
202 51
266 202
298 153
15 21
33 118
1 131
73 2
209 99
264 19
291 121
12 202
75 127
12 254
130 183
102 232
71 69
121 209
108 172
245 222
45 204
240 247
103 120
235 149
148 89
127 115
86 189
67 107
176 90
147 194
268 120
236 111
213 231
58 251
133 60
87 247
76 297
12 291
44 86
207 255
193 215
295 73
177 247
29 233
154 165
104 146
66 272
220 69
165 226
224 206
155 4
9 95
266 89
133 12
257 168
91 22
132 162
114 290
0 59
299 209
169 299
293 25
282 295
