100 130 10 10000
6 12
12 72
80 89
54 97
51 98
77 99
13 84
4 98
45 94
34 55
71 74
48 66
48 85
46 53
11 62
51 88
33 40
9 89
11 39
11 12
38 92
9 90
13 68
29 40
5 53
84 92
26 54
42 59
28 54
85 89
29 73
20 57
14 62
15 23
65 90
31 33
45 71
3 19
45 74
44 97
78 79
42 58
78 93
2 37
48 52
19 87
29 46
1 76
73 97
27 74
16 21
1 69
50 95
64 78
76 94
28 77
41 70
24 94
14 50
23 26
16 51
36 95
8 59
6 75
56 91
3 7
24 92
66 85
8 83
32 83
17 89
17 86
35 63
15 65
45 68
34 43
5 44
25 30
82 84
61 91
60 82
20 22
23 72
18 80
10 81
25 27
21 64
41 77
65 70
81 85
25 99
0 54
42 56
42 52
76 77
3 49
55 96
49 57
3 33
62 81
7 88
32 67
10 11
2 67
32 37
2 61
8 35
22 87
48 81
69 89
4 29
6 96
72 75
20 35
85 86
30 99
13 45
0 23
47 93
39 80
58 91
31 60
34 47
38 60
23 54
8 79
36 78
43 51
8 63
11 18
129 178
4 240
238 168
183 14
146 88
104 124
191 194
175 50
299 80
46 264
167 296
148 260
171 226
54 56
202 227
92 240
208 82
101 293
119 280
215 32
256 25
231 74
241 43
119 208
9 22
55 153
87 216
59 125
74 185
117 86
20 149
150 5
295 139
148 25
166 154
293 34
221 157
277 183
55 2
111 254
111 42
36 213
273 274
191 115
82 164
13 87
68 74
189 171
225 280
222 5
236 203
167 76
240 251
75 102
104 171
132 156
258 241
275 9
272 224
294 217
107 2
253 191
195 253
281 66
219 102
55 233
249 295
244 141
15 43
23 296
59 208
38 96
151 225
133 125
22 125
152 202
0 177
34 189
238 117
258 101
88 261
178 277
86 8
260 121
84 34
187 300
136 296
233 22
128 68
60 297
19 254
247 223
43 25
200 153
1 68
212 180
150 173
115 144
160 125
43 170
