100 135 10 10000
6 56
42 81
3 90
37 62
74 82
57 62
2 65
9 99
21 92
21 93
30 71
4 44
58 95
29 39
42 80
18 86
5 72
40 44
55 67
11 29
10 31
85 92
83 85
13 85
16 88
37 64
10 65
49 61
30 55
50 75
65 90
47 81
65 72
12 18
23 96
22 52
43 94
53 95
1 96
76 95
45 84
34 58
54 89
26 56
35 63
95 98
6 26
46 56
53 84
67 88
19 62
0 81
5 11
17 40
85 93
11 64
24 78
49 90
11 87
27 42
13 73
45 58
55 66
69 97
39 91
56 57
0 47
20 42
1 4
25 29
52 79
11 78
25 75
4 27
3 61
9 24
76 98
29 71
31 54
8 32
9 32
7 62
28 97
53 77
35 73
21 85
17 63
28 59
21 54
10 90
44 48
1 80
43 88
20 84
6 43
14 23
28 88
33 36
58 62
45 53
0 59
33 70
32 68
15 22
60 68
52 63
12 70
0 46
29 87
41 76
60 89
79 83
38 68
77 81
1 23
65 99
50 51
0 98
49 86
48 70
50 82
43 91
59 69
30 51
19 58
8 74
5 24
7 41
12 15
34 36
2 89
38 74
62 94
14 93
16 66
296 179
151 297
28 116
76 186
183 278
92 96
278 84
242 159
32 25
29 62
62 140
122 90
167 199
53 243
0 261
130 241
220 24
104 266
154 151
198 138
236 270
33 196
121 198
9 292
68 89
134 41
237 101
226 295
274 40
146 68
167 12
52 169
39 44
195 223
182 158
57 271
198 191
199 114
51 8
202 78
118 283
264 172
252 298
245 61
161 264
233 206
295 156
291 244
187 244
125 148
100 19
83 5
106 230
246 228
26 167
205 0
280 127
275 152
219 159
299 54
21 92
100 165
234 134
79 267
169 135
64 119
198 33
244 12
11 37
295 31
161 242
176 44
93 120
22 259
54 30
140 20
277 190
267 244
86 72
93 197
178 300
298 292
73 50
77 227
219 243
54 218
138 169
178 105
249 38
7 114
86 142
211 55
56 189
31 219
214 99
253 191
43 290
296 9
275 214
42 101
