100 130 10 10000
44 67
67 88
88 93
39 76
25 47
47 57
18 50
50 84
6 58
35 63
52 67
96 99
43 44
83 94
54 87
28 68
11 81
50 62
16 35
40 99
0 37
48 52
4 52
5 57
73 96
53 73
1 72
4 22
60 90
13 28
15 94
9 72
23 40
0 52
63 64
70 78
0 61
21 53
27 31
33 57
21 94
49 62
23 32
28 51
38 60
25 82
57 61
9 30
46 80
29 89
49 99
91 98
27 73
24 97
1 85
7 95
54 69
14 62
29 83
35 46
5 45
58 86
15 20
36 48
19 49
26 45
16 60
42 51
58 77
11 59
56 74
73 99
79 89
38 44
34 41
68 78
26 66
27 79
17 32
37 88
82 87
46 90
42 54
31 76
22 66
17 92
10 55
11 75
59 75
65 98
35 64
0 88
27 83
2 63
43 67
4 75
35 74
3 20
3 71
23 99
40 97
8 47
38 43
14 56
28 42
44 81
18 41
19 84
38 93
2 80
6 34
12 39
77 78
25 69
36 52
70 86
8 33
71 85
24 31
12 28
10 83
61 65
3 55
66 91
7 72
66 95
11 30
56 64
13 92
48 98
154 227
285 89
231 77
267 48
226 211
236 293
105 138
300 229
97 295
281 118
260 2
294 173
3 172
43 181
132 41
203 26
199 115
72 139
172 125
105 111
230 52
116 28
244 246
65 98
37 97
87 251
287 278
40 39
5 213
7 11
263 142
26 54
38 119
125 290
131 172
210 98
174 254
113 238
166 154
25 146
65 69
147 140
24 242
172 178
224 182
265 297
236 103
126 263
206 236
96 93
133 106
40 288
176 224
94 18
52 229
238 3
167 35
154 298
111 181
297 209
231 144
146 254
126 83
208 71
181 57
180 285
272 258
170 202
48 206
92 225
110 204
297 18
293 153
73 28
151 87
273 199
9 98
86 165
91 194
20 31
262 81
248 157
82 271
60 4
125 133
287 51
129 193
53 251
146 207
4 61
243 123
248 273
48 154
152 169
135 14
298 251
109 53
45 66
222 266
85 71
