100 127 10 10000
49 92
16 54
85 98
15 38
8 66
69 72
70 71
80 91
20 96
43 48
28 92
43 54
73 97
23 25
24 37
71 88
72 97
53 72
8 32
65 91
6 62
43 76
12 75
51 85
59 71
43 86
13 99
14 25
53 56
55 80
46 77
72 74
24 79
7 55
10 92
31 81
35 73
44 69
41 46
46 93
78 83
1 58
10 81
2 39
3 57
50 74
34 83
26 42
19 29
9 91
22 89
9 84
68 84
93 94
18 22
26 60
21 87
30 65
23 77
38 52
4 41
10 28
21 32
55 78
47 90
2 32
22 67
41 73
11 64
6 96
64 94
21 66
20 27
14 19
33 67
5 46
27 60
39 87
35 97
40 58
36 54
16 29
36 53
4 57
51 63
69 97
12 14
79 99
15 76
7 70
5 69
33 50
44 72
17 81
80 90
47 71
59 88
37 68
1 11
26 38
53 98
17 26
23 82
11 40
12 88
61 98
3 66
30 80
48 54
0 52
15 27
45 48
8 22
63 95
56 95
34 58
18 89
4 18
61 85
49 71
0 75
82 94
72 98
13 32
31 62
42 60
45 86
128 49
45 202
87 270
187 288
213 247
210 166
32 48
106 192
282 297
27 90
97 97
77 209
160 95
65 287
198 109
88 4
233 50
89 55
240 262
234 101
23 11
141 289
252 283
158 151
20 286
189 146
90 27
45 0
115 72
259 65
37 148
60 62
106 300
257 243
24 206
224 188
197 10
9 257
114 8
122 276
63 239
173 236
64 41
189 34
290 161
165 73
191 200
105 158
186 84
91 121
287 227
266 87
148 12
287 10
210 44
82 181
240 19
170 261
59 219
157 130
50 20
284 129
50 80
278 54
116 244
13 135
206 296
275 269
1 213
239 147
142 169
128 153
292 182
216 216
291 207
136 77
166 1
184 176
40 182
36 300
66 138
83 82
161 176
13 180
5 95
249 115
161 33
131 258
144 111
220 274
88 142
55 118
121 107
152 218
127 211
253 41
12 30
252 208
288 103
59 261
