100 131 10 10000
33 47
12 28
4 84
7 72
73 95
19 46
52 94
7 33
30 76
17 78
2 81
0 39
44 78
4 91
13 22
76 99
86 92
27 59
50 82
19 41
45 51
12 94
26 96
59 61
2 57
17 86
52 69
18 81
34 84
47 56
88 99
63 77
3 73
44 50
41 75
9 55
8 90
1 71
24 51
76 88
3 95
63 70
43 88
10 13
57 81
53 67
49 75
22 57
15 52
35 83
45 75
23 50
2 92
4 71
60 66
4 29
13 96
43 99
11 30
12 35
74 84
69 90
52 65
19 75
41 74
48 84
40 72
5 72
65 94
8 18
9 47
10 57
54 80
66 87
1 4
6 98
69 96
18 22
83 85
31 86
6 37
71 87
20 64
61 83
58 81
21 52
14 58
15 54
67 93
36 69
25 97
34 45
64 87
4 62
3 42
53 91
60 82
33 40
16 24
12 56
32 68
80 89
11 36
41 48
21 68
14 32
0 56
88 93
39 47
38 98
25 78
31 97
23 60
70 79
62 87
14 73
16 75
46 89
20 79
28 85
7 77
38 55
26 99
37 49
29 62
42 61
20 24
3 27
70 98
21 32
5 70
132 193
74 30
282 62
277 239
64 55
27 242
67 187
59 278
222 135
100 199
235 67
147 107
145 257
217 87
295 162
170 215
51 163
218 18
246 114
98 143
1 123
243 186
241 90
196 8
28 138
205 63
186 100
229 227
106 296
51 79
126 119
265 40
262 173
97 273
52 100
178 285
170 131
97 172
58 227
122 212
52 248
98 111
274 279
190 79
162 18
51 134
117 163
84 223
115 79
73 164
130 9
27 110
212 202
106 33
152 183
68 207
134 229
262 68
274 139
221 249
58 3
236 269
23 63
8 274
12 94
172 235
15 6
136 49
247 155
184 192
5 212
45 37
33 273
300 193
79 103
70 142
138 83
77 290
194 32
29 172
148 161
273 95
98 8
218 292
78 74
151 287
280 15
12 33
165 62
136 141
223 179
105 59
297 114
143 28
192 250
294 271
201 125
229 42
46 184
164 92
