100 138 10 10000
32 98
21 35
57 67
10 69
48 56
54 80
17 20
57 68
26 51
19 80
16 64
49 69
27 62
9 34
54 85
14 72
23 58
33 57
28 57
60 77
0 44
8 96
29 57
87 98
0 4
15 51
30 49
5 71
34 53
71 94
79 93
18 73
17 45
31 62
22 86
11 16
84 89
53 91
9 53
37 96
62 90
16 39
11 15
69 83
80 85
22 61
4 47
10 27
50 79
6 72
5 94
0 18
2 12
65 99
42 84
1 59
2 71
4 73
18 42
89 99
3 69
20 78
9 37
38 86
16 74
5 46
50 51
40 75
52 92
60 65
32 77
20 45
70 90
76 93
41 87
80 95
63 82
25 36
40 91
21 53
67 68
43 81
19 30
25 56
35 91
39 74
45 61
34 37
34 46
77 92
13 56
33 70
26 50
22 45
55 71
4 68
12 60
20 43
29 80
8 9
18 52
12 59
38 52
1 4
6 64
33 68
13 81
62 88
32 91
26 66
29 82
55 75
3 83
12 97
19 95
3 33
23 72
45 66
32 53
69 85
12 55
4 7
15 27
39 58
11 31
30 48
16 88
56 78
89 97
24 36
28 82
17 76
63 80
14 52
18 44
7 68
24 41
47 89
155 41
196 89
203 113
112 136
178 74
238 171
96 76
148 63
234 276
238 239
59 189
11 106
223 109
132 287
96 12
12 159
38 86
70 264
155 7
126 211
72 293
273 186
0 263
66 32
246 295
157 264
3 214
54 167
189 135
166 161
110 235
28 136
294 240
134 94
232 213
260 161
187 275
202 237
41 39
18 53
286 141
256 267
202 6
92 291
122 16
23 258
206 192
213 40
158 235
95 202
46 221
27 183
38 2
268 209
124 168
240 124
114 263
161 134
58 53
219 75
268 81
0 289
71 139
178 195
58 91
286 43
8 244
183 114
164 92
103 159
109 111
217 147
114 46
187 22
13 74
295 115
70 243
299 74
92 268
25 232
143 194
164 287
183 173
130 148
261 6
119 190
9 19
276 295
46 121
248 28
89 105
295 180
281 2
51 250
240 145
154 213
210 263
245 67
289 264
276 25
