100 132 10 10000
7 71
45 58
12 64
8 67
38 77
0 56
37 45
2 93
7 38
35 52
76 84
5 88
59 76
32 74
15 54
75 97
15 16
60 84
39 59
59 84
27 48
40 88
50 85
55 70
29 64
12 63
67 95
48 87
55 57
52 90
13 53
66 88
25 52
11 82
8 92
4 92
43 80
55 93
25 78
11 93
9 42
1 26
34 83
3 13
37 64
33 77
65 86
13 54
22 31
68 75
0 61
24 61
28 44
6 85
23 58
31 81
79 98
62 89
21 48
34 52
2 99
56 72
4 55
30 52
29 37
44 46
14 35
49 76
16 82
33 75
34 90
58 80
4 47
4 59
10 96
43 79
53 72
4 39
70 93
37 78
37 63
1 47
51 86
41 63
19 59
2 22
68 71
18 90
24 73
6 27
54 55
6 87
94 98
0 53
5 69
38 60
23 99
4 19
41 45
15 91
14 30
5 35
2 26
73 91
38 67
17 45
20 51
32 96
10 40
21 81
60 74
62 69
9 97
26 57
17 83
63 64
61 94
3 24
36 46
51 60
46 74
50 66
36 44
20 49
20 65
15 70
53 61
35 89
28 32
42 88
18 34
47 95
46 21
151 193
104 211
49 97
136 116
292 284
252 219
242 88
181 87
273 119
285 54
38 177
14 295
83 74
207 273
57 133
31 138
95 247
149 250
141 88
115 10
189 242
137 220
72 207
41 69
138 292
129 187
213 244
272 36
74 299
184 289
169 223
231 66
220 170
143 270
251 286
238 0
63 274
214 101
104 112
298 75
23 234
274 95
12 110
252 22
55 249
214 22
155 145
226 209
152 44
297 173
164 16
163 300
59 47
83 112
100 150
67 24
130 155
32 209
117 94
183 66
35 44
279 254
4 270
43 298
96 0
298 152
187 118
229 116
269 273
72 157
253 117
94 37
18 87
208 47
237 149
120 45
219 140
98 268
3 57
1 226
193 193
18 189
129 248
143 64
279 194
191 12
255 197
300 131
235 255
182 267
42 118
160 119
64 181
22 14
176 177
268 73
268 167
5 28
81 228
