100 126 10 10000
50 84
2 90
43 95
29 80
32 41
47 90
36 74
43 98
63 68
12 91
34 97
17 27
0 19
64 97
87 93
11 58
26 57
32 82
15 59
27 63
38 64
28 57
54 94
72 76
67 81
44 80
44 48
40 96
6 33
10 11
84 90
17 51
7 90
69 95
25 50
16 55
59 83
10 62
19 75
11 62
60 94
33 56
5 98
42 89
9 57
20 89
13 48
37 82
30 70
18 72
52 55
40 61
77 88
17 22
47 92
73 91
14 65
12 24
2 61
29 31
5 39
28 41
91 98
53 79
2 84
46 67
31 36
7 36
23 76
33 87
51 86
17 60
67 99
84 96
3 78
32 37
5 21
64 86
50 81
31 74
16 65
22 38
60 71
27 87
4 73
66 68
73 99
21 49
8 85
23 42
44 45
80 85
15 30
3 75
39 69
29 62
43 69
11 35
6 78
1 83
9 34
46 88
41 57
66 94
52 69
34 82
1 43
34 70
56 58
14 75
78 89
8 62
71 86
18 20
35 77
19 49
26 64
13 92
18 59
4 79
11 29
0 24
54 56
63 93
25 45
53 91
127 213
236 274
32 39
217 124
29 269
119 251
261 130
45 70
90 168
243 46
124 173
142 148
57 239
18 165
220 184
299 162
213 206
151 32
284 233
159 200
291 181
163 266
194 11
231 219
100 222
17 199
224 17
169 53
212 66
110 129
291 135
92 118
250 91
224 98
285 26
168 156
86 83
287 82
174 3
143 285
53 15
231 73
262 203
248 300
54 152
58 193
79 205
16 75
26 124
153 227
1 182
122 14
209 249
81 286
140 123
190 216
177 114
215 41
176 135
290 283
110 49
56 52
102 148
149 82
244 1
240 185
128 79
57 215
147 53
178 284
293 104
86 29
255 241
53 277
62 96
188 154
230 253
148 174
220 148
44 300
82 143
15 232
284 59
273 271
3 25
71 176
77 0
191 82
117 192
250 164
11 54
96 262
6 111
170 87
107 87
212 275
30 14
244 23
112 298
34 241
