100 137 10 10000
18 69
61 75
86 98
8 73
58 83
82 93
53 86
30 99
63 79
83 88
40 59
13 75
16 78
48 87
80 91
8 21
7 59
69 95
9 46
35 80
36 44
1 32
19 85
27 54
53 94
6 13
59 90
26 30
3 99
7 97
75 82
78 83
2 29
14 37
32 92
4 68
14 34
23 83
34 76
24 53
39 62
19 51
20 64
2 25
39 98
43 56
12 43
0 46
10 22
76 92
15 63
29 84
5 88
1 85
59 97
10 24
3 17
9 13
35 96
28 93
63 92
20 77
81 84
54 55
15 66
7 40
31 33
34 63
18 95
23 77
15 37
54 70
0 71
65 77
36 93
31 88
49 81
71 93
19 92
6 68
90 91
19 63
7 74
5 33
38 61
23 88
39 74
26 99
55 70
28 82
21 26
14 24
41 80
14 66
11 99
17 76
51 79
6 61
9 11
4 9
41 96
10 12
42 89
65 87
23 44
18 51
5 70
46 72
10 25
67 76
41 57
46 75
20 82
73 80
16 35
56 81
61 89
62 81
5 57
86 94
38 84
50 64
45 70
52 76
1 67
21 72
49 50
8 47
60 62
48 58
27 47
62 74
22 60
8 45
52 67
68 69
42 84
267 137
179 49
46 75
241 29
200 86
231 242
180 118
38 231
296 244
234 106
22 86
209 68
47 106
208 111
23 1
54 43
140 291
271 13
130 66
114 32
160 163
285 104
17 140
167 226
3 60
24 51
271 37
272 174
227 153
67 85
257 75
185 276
163 22
211 272
75 0
166 293
178 208
40 26
111 137
27 205
78 229
251 259
98 112
44 132
206 217
271 219
240 134
287 140
94 242
83 204
118 158
100 53
184 11
0 268
266 194
232 203
48 168
255 236
118 244
77 257
28 171
167 144
62 188
92 27
137 173
130 202
53 10
220 40
170 83
149 86
238 223
246 165
262 98
294 292
46 212
202 131
205 3
148 192
149 265
64 61
254 297
69 164
188 155
155 243
69 126
155 64
7 249
105 219
196 246
154 108
121 272
73 295
140 7
225 181
31 274
100 89
232 295
56 274
2 156
235 61
