100 125 10 10000
0 36
48 88
55 82
29 78
6 56
33 50
21 31
80 83
1 16
51 74
42 89
42 94
60 66
44 81
11 82
89 98
27 63
19 66
12 14
32 93
67 86
4 23
2 48
1 34
2 67
12 72
64 84
47 94
31 74
49 58
54 99
42 56
39 95
8 46
51 70
34 49
75 93
37 65
55 87
3 12
61 85
24 78
62 85
29 35
51 68
53 98
0 32
31 72
15 69
4 19
49 95
20 62
50 90
20 52
13 36
17 38
33 35
25 41
36 98
52 97
11 31
43 69
79 81
15 43
26 84
13 67
40 86
61 93
5 40
9 81
46 47
71 88
30 73
76 85
28 43
50 95
59 92
17 30
18 88
34 73
45 83
8 30
0 5
22 44
18 91
24 77
14 74
48 57
65 80
7 64
84 99
70 97
9 87
10 45
43 92
27 93
19 23
60 77
56 94
34 54
58 95
10 16
83 91
12 74
63 96
37 94
59 76
39 71
41 79
2 57
36 53
24 64
26 64
7 84
68 77
21 22
4 52
28 75
25 76
38 45
6 96
6 69
3 34
8 21
29 90
64 33
92 245
0 72
165 210
282 144
40 12
87 121
209 261
157 142
219 95
72 227
221 122
196 194
18 85
221 177
140 102
73 264
114 190
15 249
290 165
295 37
181 128
160 115
262 160
218 205
224 21
175 248
93 44
116 61
249 277
142 165
199 141
80 9
263 296
129 229
284 256
58 65
26 169
99 222
59 298
1 13
193 32
34 142
114 87
188 109
63 201
114 143
88 169
6 288
113 277
201 289
220 151
294 73
68 85
153 273
260 54
64 139
3 149
90 283
173 47
288 220
101 0
287 16
85 68
196 235
10 212
300 185
6 45
247 175
121 112
247 129
50 266
167 169
133 209
202 161
153 50
193 11
270 205
252 250
215 42
32 200
195 61
247 89
33 224
188 264
246 4
21 28
222 65
27 281
5 104
223 288
47 245
145 74
111 29
49 173
133 300
91 100
273 83
43 103
180 286
