100 137 10 10000
53 56
15 39
33 38
39 92
37 93
54 68
5 99
87 90
88 95
31 70
28 87
63 80
16 50
35 74
66 91
0 37
13 80
15 49
72 81
26 43
40 78
49 79
52 97
14 47
10 45
58 64
51 83
60 71
43 92
64 67
23 62
7 95
4 71
67 85
42 46
55 63
32 82
0 12
10 79
64 85
3 19
76 90
23 32
54 97
60 65
84 99
4 65
4 52
11 90
66 78
55 84
6 60
90 91
11 34
26 67
81 83
22 46
25 99
40 66
10 15
62 98
12 14
27 65
17 99
23 98
59 95
56 57
74 88
18 58
1 20
51 81
7 13
32 64
29 34
44 55
69 73
78 86
19 82
24 44
9 31
2 80
21 54
15 79
29 76
42 65
60 75
22 38
42 94
30 51
1 37
36 99
26 61
20 89
6 75
32 93
84 89
39 49
8 22
33 70
16 81
48 95
24 80
14 73
30 87
25 60
32 41
14 61
74 95
53 72
19 75
8 17
3 77
24 55
9 74
5 60
27 94
31 35
34 54
14 18
21 38
45 72
28 51
59 69
68 90
36 84
40 56
48 59
31 86
32 98
47 96
2 7
56 88
57 87
96 98
1 41
50 72
32 77
125 250
160 245
129 162
267 282
292 159
241 216
283 229
124 136
191 155
172 86
45 144
213 37
102 230
147 122
80 215
27 164
15 66
212 171
62 255
276 258
140 218
244 85
198 133
125 286
146 179
244 174
29 244
266 125
61 30
242 28
3 22
165 56
225 297
207 83
235 63
149 78
206 242
152 268
219 114
8 128
115 30
192 263
245 139
7 260
134 197
45 123
227 149
90 250
85 110
20 200
11 102
41 24
283 108
85 65
265 80
156 204
113 51
96 21
46 268
83 160
260 208
49 212
104 271
184 177
49 299
267 161
111 5
23 279
280 52
71 179
188 46
295 205
44 75
89 193
145 98
238 241
260 39
286 294
154 28
40 181
166 156
46 51
234 265
22 40
178 210
22 300
144 47
77 4
118 77
179 231
246 6
193 10
2 280
186 284
253 103
105 128
65 285
297 72
88 295
227 194
