100 129 10 10000
24 31
38 41
77 98
32 33
11 32
39 73
65 83
34 96
72 85
57 99
41 47
24 90
68 78
82 92
28 70
24 68
21 52
43 60
0 76
2 9
37 60
54 58
12 88
23 97
24 99
10 39
3 82
19 35
46 97
51 59
42 49
49 89
7 42
5 29
11 59
25 33
9 50
44 97
7 62
65 79
67 83
21 86
67 74
20 80
38 70
16 92
64 72
72 96
12 79
49 83
65 88
21 89
1 95
35 36
14 58
23 66
69 71
0 62
52 67
25 82
15 71
37 72
16 54
36 92
40 82
22 28
8 19
4 38
3 18
22 45
80 81
48 61
45 86
26 27
76 91
12 54
1 47
31 35
73 81
5 53
23 26
34 93
64 85
77 93
31 78
24 94
78 90
21 74
6 9
43 63
69 98
17 27
51 65
55 73
16 19
4 91
17 85
32 87
56 75
49 65
40 92
30 77
13 87
48 54
39 56
68 94
31 57
2 25
58 61
23 53
41 84
15 63
14 33
6 44
29 95
46 95
55 81
31 36
35 57
26 30
27 75
39 66
8 35
83 89
10 50
47 84
18 20
10 73
13 67
299 222
223 170
112 101
87 76
225 289
150 238
149 156
257 16
69 18
127 121
71 135
179 113
239 4
202 137
190 84
172 293
109 7
12 231
86 52
53 0
63 63
263 139
277 216
115 204
6 57
139 92
83 208
45 227
270 239
162 204
66 231
33 47
159 116
158 85
61 255
42 24
69 40
276 300
262 258
84 179
133 54
201 236
271 42
198 265
109 141
262 190
182 167
228 194
154 23
285 57
96 120
224 78
261 119
136 198
182 23
7 133
45 186
20 30
178 45
211 108
201 297
155 62
291 19
176 235
37 262
245 66
105 173
231 120
8 108
114 271
256 218
136 280
20 292
44 150
226 143
28 215
283 276
109 227
42 86
211 46
79 98
44 121
124 75
262 88
198 209
9 252
294 167
168 148
246 33
280 127
10 80
252 296
111 33
85 251
2 173
201 187
88 282
138 177
125 249
14 3
