100 129 10 10000
14 86
0 97
83 88
1 60
3 73
39 81
23 62
72 83
56 91
21 35
17 88
8 50
24 86
18 62
59 77
8 92
15 73
8 32
63 80
2 54
70 97
14 43
84 91
0 61
8 90
6 68
16 57
18 27
5 93
18 71
54 80
85 93
0 95
11 39
27 99
1 53
44 82
13 63
47 94
29 32
11 84
33 78
31 40
18 88
20 39
46 94
1 36
15 49
60 72
51 95
70 95
23 65
55 64
25 35
51 55
26 52
11 41
58 70
44 74
66 86
36 93
2 11
30 46
35 68
79 82
20 57
0 15
69 74
61 89
33 75
49 59
9 56
8 29
67 74
57 67
1 28
23 31
78 79
31 98
12 28
37 87
4 23
12 25
18 22
9 91
38 68
32 50
34 52
24 43
4 71
62 65
85 96
34 92
3 64
16 20
42 92
21 95
26 61
19 41
50 89
10 15
42 75
39 46
45 98
42 79
90 92
33 38
22 72
13 69
40 98
5 56
48 81
13 47
87 99
6 96
12 85
30 39
14 48
5 19
58 75
7 36
36 53
10 51
7 66
76 77
75 79
37 76
45 53
17 98
71 116
219 123
163 248
143 48
266 30
273 184
176 205
280 145
12 48
224 179
127 87
189 255
180 151
107 242
262 252
95 70
21 271
256 76
222 46
271 228
9 296
115 146
189 56
275 12
300 278
158 123
47 129
186 27
175 106
14 6
152 285
296 46
35 30
84 178
17 176
131 131
261 138
137 16
116 197
208 299
270 50
232 253
4 200
275 272
6 240
291 122
130 297
140 255
240 272
91 35
57 60
117 106
44 152
248 104
178 231
137 110
250 190
53 287
64 157
62 29
225 88
49 105
206 4
139 220
153 73
240 8
300 195
81 288
155 161
50 231
94 140
248 48
188 86
120 37
39 261
44 177
88 11
51 1
91 214
58 199
148 202
257 292
24 229
209 65
200 234
224 144
300 248
157 9
229 67
27 78
15 120
235 209
5 154
249 160
107 279
92 119
197 165
71 137
283 73
168 44
