100 138 10 10000
5 29
30 47
48 50
72 73
7 65
62 72
28 92
51 58
2 78
4 84
76 79
7 44
7 57
12 96
0 49
28 36
8 80
46 86
43 95
22 99
14 60
0 25
41 77
27 89
22 83
29 90
20 36
56 85
26 83
4 63
6 95
11 41
8 43
69 93
11 82
32 53
36 42
42 88
37 66
38 40
76 88
11 74
83 99
23 26
63 84
57 74
32 68
54 69
3 26
2 72
15 65
28 94
24 85
17 89
4 16
17 90
19 97
10 54
36 59
73 92
20 59
75 78
18 19
4 24
18 56
49 70
31 45
50 96
1 48
7 71
8 64
12 22
45 97
32 67
16 85
77 82
1 73
6 34
14 40
18 91
62 78
38 61
29 75
48 72
4 35
15 55
47 52
10 58
19 37
23 33
4 31
70 94
67 68
36 94
21 67
0 52
39 46
4 33
18 66
13 57
64 76
20 92
30 80
40 65
41 98
28 54
9 53
41 87
3 99
11 13
13 69
39 76
27 81
87 98
55 67
5 78
79 88
9 60
19 61
25 89
11 44
62 88
11 98
10 51
71 98
20 62
81 89
13 77
50 63
81 86
24 35
19 91
13 93
15 21
57 69
49 51
46 90
34 94
295 242
120 163
165 108
139 24
60 36
171 61
279 211
138 216
289 125
33 159
242 265
160 270
155 82
192 299
64 169
67 251
29 64
210 3
24 105
61 115
171 159
38 229
117 60
106 12
25 33
299 19
169 12
234 22
203 212
186 24
254 86
62 68
3 229
77 0
254 188
51 3
194 181
51 141
97 157
215 95
70 201
144 292
221 161
287 147
138 241
69 91
221 64
266 51
109 128
269 234
93 88
249 246
296 60
10 188
210 235
62 271
8 146
190 247
286 274
199 150
36 190
77 136
171 128
96 59
253 112
105 205
29 130
17 245
8 287
220 289
231 218
110 249
131 137
151 165
156 250
192 63
232 108
33 287
194 101
236 133
283 97
260 28
166 295
160 42
88 27
4 86
244 60
95 276
212 122
261 0
213 37
27 84
161 183
280 295
236 175
274 163
129 110
83 106
116 274
118 34
