100 127 10 10000
70 87
46 72
62 74
31 33
44 90
22 37
64 95
46 85
91 96
19 22
68 74
72 98
19 44
26 64
39 70
50 89
18 23
48 72
12 77
3 17
16 34
44 84
14 21
57 86
47 66
2 77
49 52
7 48
4 80
9 63
59 76
22 36
17 94
21 63
9 74
14 32
58 66
24 49
77 79
7 39
6 67
51 74
53 54
7 45
8 63
7 86
77 97
28 88
1 51
23 53
44 66
21 29
26 54
77 80
13 41
16 24
81 88
34 84
75 83
31 90
83 99
17 72
9 55
0 9
61 98
15 94
57 91
2 47
50 79
41 80
66 73
51 78
72 94
3 48
36 57
52 54
75 90
56 57
82 87
35 60
10 71
70 88
11 78
69 90
8 21
93 99
30 54
6 43
0 42
14 97
13 89
15 88
43 68
37 69
28 81
15 85
43 92
33 37
87 93
2 4
27 61
5 55
37 38
64 71
20 60
56 58
47 73
18 25
5 40
67 81
20 95
32 42
5 35
10 23
65 96
11 92
1 76
45 70
63 65
25 32
19 90
27 62
38 82
11 40
12 30
5 59
0 29
99 215
13 204
214 151
120 32
253 162
34 231
21 109
161 36
134 133
85 185
96 242
0 184
195 238
257 245
159 199
58 36
279 199
89 27
148 261
246 86
74 284
154 165
238 60
126 250
293 246
171 256
116 299
86 130
5 37
126 194
211 260
289 90
163 231
291 36
277 164
49 271
202 73
287 62
244 34
197 33
6 263
244 210
135 215
4 142
227 129
147 14
81 71
188 172
134 77
286 279
243 271
32 167
218 280
135 279
190 290
74 223
173 114
156 101
216 94
49 210
32 298
82 108
55 133
122 170
98 264
99 150
199 123
45 96
33 145
267 82
194 1
74 261
109 49
159 145
75 154
289 123
44 186
218 193
11 167
221 238
245 184
38 34
217 39
300 153
263 140
62 61
179 49
228 21
68 7
270 264
262 106
127 110
0 85
258 1
81 49
89 298
110 130
181 222
110 98
294 14
