100 133 10 10000
7 46
31 42
23 74
19 57
2 73
45 78
38 64
5 11
16 81
0 25
48 57
24 93
32 75
1 59
25 52
69 73
11 88
53 91
33 48
33 87
70 84
13 22
50 65
41 61
21 42
48 87
13 77
49 93
7 27
9 30
37 46
28 83
48 91
25 81
56 93
33 74
57 90
3 80
12 40
56 95
29 94
77 86
2 34
49 63
8 90
45 96
28 59
69 70
18 56
52 94
49 58
45 59
43 50
12 89
24 83
9 41
30 49
50 54
63 93
24 28
58 72
46 85
12 98
17 35
3 68
37 79
12 75
51 67
1 26
62 65
34 98
0 66
21 44
1 43
73 88
22 86
51 90
40 73
10 73
4 87
31 55
64 74
12 15
81 99
16 47
9 23
6 78
14 97
4 61
19 53
10 34
21 75
51 68
79 88
20 71
72 76
29 60
21 39
39 67
9 18
17 26
14 30
80 92
46 88
9 56
77 85
89 92
5 76
4 60
52 99
29 97
47 80
36 38
34 44
15 92
27 85
17 59
12 32
4 33
1 96
3 66
24 82
82 93
62 70
36 71
22 37
54 84
55 70
8 21
1 77
1 20
6 95
35 72
53 260
172 71
273 198
69 238
65 188
280 9
95 103
274 104
176 236
38 93
289 248
290 31
260 299
193 26
7 132
138 298
119 274
144 21
24 58
175 206
163 106
207 255
233 29
60 137
79 27
60 281
170 44
228 106
113 40
2 214
4 60
207 203
195 283
70 161
251 252
217 12
188 148
250 44
160 148
171 266
298 289
29 118
218 235
194 100
238 279
111 67
275 79
98 274
114 173
32 35
227 127
126 221
23 277
153 173
211 141
230 210
65 87
150 196
9 2
134 53
22 201
45 172
248 161
33 12
133 130
274 134
47 234
147 253
86 220
269 176
233 187
182 127
114 5
296 120
97 150
218 282
235 1
201 58
118 105
269 32
118 254
84 299
86 7
87 50
212 176
234 79
228 51
93 198
294 52
169 291
150 227
121 150
144 274
55 33
14 296
85 123
144 94
4 182
272 269
47 298
