100 127 10 10000
46 86
28 54
20 55
45 79
43 51
62 73
67 68
41 71
37 43
27 34
17 19
28 77
26 68
73 99
30 76
0 88
45 73
39 74
46 97
36 49
11 28
22 34
6 50
35 48
33 69
14 50
8 44
10 89
22 42
31 82
7 19
10 34
66 84
33 76
26 71
25 40
30 69
48 54
44 77
81 92
36 76
59 64
53 67
0 27
11 54
58 94
4 39
91 94
6 80
25 99
55 80
20 29
13 61
7 9
16 62
11 92
21 74
2 33
56 95
43 98
83 84
1 85
37 63
89 90
38 54
46 65
47 73
8 80
32 61
57 75
65 86
13 46
41 90
13 47
5 61
17 58
54 96
63 64
39 86
64 66
3 52
28 87
14 57
42 70
36 72
53 95
12 58
22 23
40 99
78 91
49 78
5 25
15 22
38 81
22 75
64 79
18 20
16 60
51 61
52 77
60 62
46 51
18 35
24 29
7 57
12 85
51 93
4 34
31 71
39 93
21 51
42 82
62 97
32 37
50 70
49 88
24 87
23 42
72 98
56 81
3 95
2 78
59 62
28 29
1 15
9 83
16 96
164 103
115 66
256 61
92 184
128 124
239 229
3 24
192 9
14 175
263 14
86 136
100 223
179 52
198 239
50 3
110 32
129 273
136 15
3 290
103 2
19 272
195 150
83 70
56 74
41 242
282 212
12 123
139 104
63 245
45 263
273 128
36 72
238 187
276 87
103 98
42 285
221 119
274 164
127 252
146 136
280 252
45 113
43 51
225 163
27 191
259 282
193 205
199 275
82 270
217 99
24 7
186 179
88 206
101 155
91 249
2 199
146 206
82 0
172 27
295 299
115 300
216 200
174 291
285 190
300 170
167 215
296 65
53 180
40 151
291 101
52 32
24 93
239 135
238 275
174 125
73 26
241 83
64 204
215 60
287 275
2 152
149 231
15 50
300 15
269 39
136 80
159 185
40 220
192 70
62 125
69 99
246 30
126 232
170 159
200 38
129 189
98 287
173 235
219 143
259 256
