100 130 10 10000
35 46
2 92
14 89
71 81
48 63
11 91
78 97
14 36
42 58
34 59
10 95
1 35
66 87
80 87
66 81
31 43
3 14
1 25
9 45
2 10
2 23
16 20
33 55
41 67
31 86
32 49
30 97
48 93
25 92
50 60
22 76
32 67
52 90
88 89
3 91
64 75
29 72
38 83
4 39
12 61
9 32
32 45
43 65
7 86
65 82
38 49
27 64
43 56
18 67
2 30
58 88
1 85
51 92
21 73
5 78
12 75
4 10
12 84
77 94
14 96
24 52
24 94
73 95
40 62
53 88
40 69
4 59
8 52
74 94
13 26
29 66
36 88
19 41
66 98
45 47
37 82
2 51
35 54
59 60
13 56
82 99
11 15
6 74
18 97
11 79
16 55
0 47
26 75
31 76
34 50
28 98
19 61
44 69
61 84
5 15
55 96
17 34
23 42
14 30
41 68
80 85
27 93
16 33
37 43
12 94
20 78
0 8
26 62
87 88
48 79
61 68
3 72
46 70
28 87
10 39
49 83
7 70
4 54
17 57
7 31
77 90
6 77
57 73
22 71
35 76
6 38
53 66
63 76
43 44
21 99
114 251
93 36
35 4
37 176
148 32
76 244
204 278
163 86
131 231
128 270
152 0
78 193
285 182
229 124
7 185
87 211
55 223
226 42
48 294
262 266
50 251
293 32
115 118
31 30
212 212
91 10
239 155
181 177
85 87
65 171
9 32
169 122
140 290
18 236
202 29
102 67
12 54
262 84
192 260
113 7
280 126
225 300
38 63
213 105
255 108
94 289
122 62
102 269
126 195
180 292
194 3
62 5
173 214
39 119
122 41
38 210
205 147
239 22
22 82
170 60
173 34
287 266
255 170
142 153
220 191
255 55
67 131
204 299
274 297
291 105
141 80
119 145
33 142
280 10
233 264
246 188
136 101
211 244
57 276
109 177
79 59
95 155
294 57
152 259
283 223
65 43
191 84
51 88
15 104
16 129
189 227
59 201
54 26
161 187
251 209
232 1
16 214
5 291
98 132
258 34
