100 133 10 10000
47 98
13 69
3 60
16 31
10 59
29 79
57 94
10 76
17 33
23 78
46 94
19 67
42 88
35 79
26 98
67 85
42 84
15 26
12 49
13 53
55 72
20 54
64 94
9 85
76 96
50 78
14 78
67 79
12 27
22 98
11 50
37 90
18 53
59 92
20 66
65 91
52 55
3 61
24 80
75 82
39 67
5 34
44 70
26 45
4 60
11 33
3 44
15 46
21 63
41 83
18 31
89 94
2 66
35 83
1 25
22 49
75 94
51 73
59 93
61 86
7 43
81 90
5 74
20 33
14 91
0 90
64 95
13 74
35 95
49 52
23 48
36 47
11 65
45 90
24 99
14 50
22 77
40 97
8 72
41 72
10 93
6 46
19 36
75 87
15 80
11 28
22 81
44 74
48 87
8 55
71 97
33 56
39 41
7 97
23 82
42 63
28 58
3 86
1 68
11 56
21 61
9 94
48 66
10 69
20 73
0 99
30 65
4 43
4 40
16 92
3 32
1 27
2 23
62 71
29 89
32 37
68 81
57 78
38 88
41 79
20 30
18 38
6 11
74 96
25 62
11 17
21 84
54 66
24 34
56 58
3 70
77 81
51 76
131 133
45 61
275 261
38 105
2 85
102 152
222 187
24 16
200 18
203 92
84 244
192 226
110 27
60 210
266 214
189 118
50 288
189 265
29 229
220 22
175 289
2 162
123 67
287 189
169 164
72 32
162 93
90 61
175 184
258 47
201 285
32 270
84 110
170 251
140 169
275 61
195 53
107 131
9 262
266 9
0 42
291 9
24 192
17 58
73 140
163 132
211 148
188 78
283 298
139 36
234 220
135 228
130 15
50 247
236 291
163 8
167 220
241 169
142 194
93 265
40 81
7 123
45 17
5 185
282 108
240 260
263 297
245 21
65 79
95 210
53 154
82 12
232 3
142 275
74 189
294 137
112 222
129 87
266 191
278 32
181 141
101 81
262 160
296 53
33 167
228 54
11 103
297 168
6 209
246 68
129 110
253 234
112 283
76 276
248 135
297 74
117 179
5 9
145 68
148 149
