100 135 10 10000
31 40
29 97
70 86
61 99
47 95
56 66
70 78
47 75
15 91
22 88
51 90
31 79
83 84
19 27
54 67
39 96
25 45
3 26
28 85
32 62
3 54
18 69
4 87
22 48
9 79
86 97
35 62
13 50
21 31
24 96
2 49
60 84
0 74
1 23
57 82
47 71
10 14
23 42
4 29
48 98
3 32
36 43
12 29
36 38
13 56
72 92
49 88
50 88
5 76
11 78
11 86
20 44
81 98
44 59
57 89
60 99
7 12
5 18
60 64
27 63
1 53
25 88
24 39
9 64
1 87
7 47
45 46
15 28
38 69
5 34
41 84
15 58
83 94
2 97
55 59
26 34
52 57
1 42
55 93
24 77
6 48
30 73
21 79
46 71
56 72
33 92
1 80
84 90
17 61
46 75
40 79
26 91
31 73
28 37
10 88
28 91
8 40
1 76
41 57
0 73
16 21
73 81
8 70
0 97
52 65
39 77
23 67
65 85
51 60
20 23
24 95
16 31
26 35
37 85
46 47
33 96
6 17
30 97
13 68
64 99
24 53
44 63
52 89
48 81
19 44
25 66
58 91
94 99
92 93
40 43
41 82
20 27
14 74
22 68
80 87
70 169
202 189
77 196
284 112
161 223
197 139
2 31
141 237
134 114
78 65
24 192
166 156
116 217
26 287
20 166
238 63
8 115
54 62
175 111
294 207
269 218
30 93
3 217
233 190
200 247
54 255
242 107
282 182
220 78
125 197
65 148
49 115
294 133
241 290
215 127
277 78
104 69
207 106
134 87
196 285
80 122
173 46
236 210
105 97
295 231
83 248
103 256
139 278
2 59
60 220
21 255
121 40
242 16
211 222
257 137
279 263
89 300
165 7
275 52
298 277
110 14
29 14
295 48
300 170
95 44
212 51
56 290
265 165
4 272
156 93
156 121
124 251
270 297
45 153
47 181
86 277
236 149
172 263
176 134
65 88
183 220
3 139
185 23
131 1
144 17
190 68
132 172
180 176
38 233
277 9
144 49
247 81
247 267
242 241
56 1
165 243
217 285
108 171
7 94
80 22
