100 127 10 10000
51 65
23 98
71 94
7 8
71 81
65 95
14 16
16 73
79 99
20 98
18 73
19 57
4 54
13 85
9 30
28 46
4 56
31 43
18 92
60 63
26 96
50 86
32 80
11 71
29 65
26 29
14 82
86 96
31 83
1 97
41 70
34 61
35 56
7 88
43 88
69 95
3 76
61 92
83 88
46 48
19 46
12 39
64 82
20 58
61 68
39 85
46 57
90 94
58 87
25 85
27 42
60 67
26 66
45 77
14 17
15 90
33 87
76 79
38 93
37 78
28 48
3 12
68 92
1 70
49 75
11 94
2 5
1 8
11 40
41 97
41 92
63 79
14 18
45 50
3 27
8 22
30 83
15 54
13 49
2 77
37 55
69 96
12 25
10 46
30 80
44 91
19 84
10 85
59 84
40 81
33 74
14 64
29 51
38 71
17 68
44 90
5 28
23 74
21 92
24 75
7 62
54 93
4 64
21 34
9 88
47 89
0 19
0 6
42 53
6 58
12 51
22 89
9 47
53 67
20 72
55 99
24 25
36 88
15 91
2 66
9 36
73 81
32 59
35 52
62 88
52 60
72 78
294 78
8 88
279 116
189 145
82 227
274 83
289 296
46 84
20 63
99 48
236 21
40 298
219 112
216 23
54 205
137 262
15 215
76 205
8 194
300 13
253 260
34 141
26 39
172 214
188 109
215 85
231 177
159 125
279 63
251 143
125 37
125 90
168 12
259 229
47 125
130 199
46 54
203 277
110 262
242 83
18 291
4 145
148 90
89 97
131 292
280 209
258 36
72 24
247 58
206 58
254 192
258 108
102 169
118 124
119 229
164 240
109 193
284 42
276 260
96 13
112 144
58 153
67 100
141 154
54 227
223 138
276 166
71 120
81 167
189 185
0 38
74 277
258 297
13 244
223 219
178 62
166 148
285 187
241 281
166 183
168 35
48 257
34 225
130 63
191 7
229 48
244 213
279 240
100 74
57 6
176 290
111 282
46 173
90 252
87 298
208 159
210 195
18 118
211 255
150 211
