100 128 10 10000
60 79
47 73
16 92
45 78
76 97
79 96
49 85
73 86
10 42
17 52
0 46
68 90
31 61
33 55
34 43
12 90
10 37
3 87
12 81
40 47
30 79
54 80
31 86
40 63
23 26
66 95
45 87
30 78
33 96
9 52
31 37
55 71
54 59
64 72
93 98
94 97
29 91
38 80
32 49
65 78
9 36
77 95
66 69
5 14
16 74
8 12
57 73
26 84
8 81
35 62
69 95
21 61
62 92
41 59
39 41
11 77
73 95
1 38
25 46
48 58
75 84
4 18
16 44
10 44
35 89
35 88
79 82
6 79
74 92
14 17
24 54
20 90
29 72
50 64
2 12
15 38
21 67
19 94
53 56
71 96
20 68
13 99
70 85
1 54
62 89
16 42
36 56
35 85
57 67
77 99
27 50
63 91
0 92
45 65
28 78
75 79
51 61
4 58
13 56
7 57
32 87
43 72
75 82
63 66
28 39
64 83
25 90
18 35
3 93
5 19
33 71
38 70
3 23
6 82
15 45
2 83
7 73
4 27
48 88
51 81
9 55
11 76
60 78
22 98
19 24
22 26
34 53
68 81
135 275
289 70
118 177
288 190
185 220
229 37
164 126
8 143
95 187
150 65
22 239
101 0
124 228
56 39
184 53
293 99
21 294
189 30
203 230
218 13
71 255
86 144
243 182
262 227
258 20
82 286
229 211
169 199
238 91
78 105
238 157
32 161
270 284
181 113
125 85
214 261
117 52
14 187
300 51
216 87
53 105
233 63
2 251
118 111
16 273
295 132
114 288
27 95
149 258
244 253
149 179
62 200
154 17
89 69
277 35
144 112
98 39
31 115
144 220
256 62
220 120
65 178
169 279
65 81
141 153
267 147
34 68
46 143
70 228
33 30
289 294
185 87
101 130
0 91
48 289
205 172
125 6
45 1
244 120
212 148
299 22
84 208
162 151
101 166
203 199
246 288
3 170
289 241
183 243
225 293
93 237
98 92
133 300
268 170
279 15
12 25
204 107
200 2
254 201
76 21
