100 136 10 10000
1 84
38 43
80 88
34 58
33 95
17 63
88 89
16 93
72 92
16 91
40 64
5 17
58 79
44 77
42 96
0 33
4 98
34 69
6 38
9 80
10 20
7 97
4 99
42 50
37 70
35 92
72 81
49 93
8 38
45 57
2 68
9 25
16 49
42 53
39 97
11 43
60 70
17 65
29 36
3 24
17 78
11 59
35 72
12 70
55 91
12 79
16 53
41 94
50 74
73 98
24 52
17 81
9 78
68 96
13 95
19 75
12 87
23 35
8 85
26 41
14 88
40 95
21 66
83 95
42 68
18 37
23 73
30 76
18 84
42 91
6 58
65 92
91 99
16 45
56 74
66 88
34 60
43 46
20 48
24 77
79 82
7 8
67 98
7 27
0 95
19 94
67 99
10 22
35 70
19 31
7 54
24 47
39 41
3 10
38 85
32 57
15 71
57 93
22 63
61 81
37 84
5 22
36 81
21 76
51 59
44 86
13 33
52 94
17 61
46 59
29 73
43 59
7 39
70 87
28 30
15 77
90 93
2 45
54 82
2 71
23 99
64 75
14 80
1 89
25 80
0 51
27 90
26 32
62 94
62 86
31 94
55 98
42 48
28 47
56 91
69 83
71 152
97 60
252 221
168 184
275 9
224 106
8 264
72 250
49 260
163 47
182 159
49 219
26 7
16 127
136 77
228 169
297 277
202 83
92 21
128 225
211 144
146 104
201 115
253 2
152 206
145 32
155 292
101 296
118 191
231 30
139 150
133 250
199 279
35 158
11 40
182 0
244 46
138 8
27 254
117 270
81 114
132 292
282 179
16 216
225 236
266 247
15 180
147 185
258 155
269 275
281 144
57 176
185 235
294 221
62 292
267 64
247 111
251 261
4 95
58 197
55 35
243 68
180 259
176 100
99 152
195 53
123 136
288 64
265 200
13 77
75 9
227 208
211 16
256 23
265 124
86 201
165 144
204 200
162 68
3 11
134 56
214 43
6 285
44 68
112 45
34 288
205 247
47 13
111 78
66 84
210 300
300 97
194 30
247 298
155 253
48 114
260 175
108 247
269 40
297 15
