100 126 10 10000
40 56
21 78
26 69
21 41
20 53
56 70
1 5
0 17
59 78
43 46
2 73
0 81
1 44
48 98
34 54
30 88
14 26
44 86
48 97
20 98
17 47
50 86
2 59
12 21
55 74
84 91
3 55
18 56
4 44
38 90
0 12
53 75
29 91
11 28
13 77
33 45
36 46
27 38
53 98
16 92
7 69
56 96
72 95
24 34
2 81
11 86
23 67
35 96
58 99
14 68
70 93
24 53
39 46
72 82
14 36
82 83
83 89
3 90
76 77
12 37
1 33
60 83
14 39
32 88
49 74
52 95
3 58
35 86
6 79
32 96
47 74
42 94
9 31
4 6
57 61
28 87
33 65
27 76
63 64
9 67
93 94
66 93
67 97
31 45
13 73
57 70
25 73
2 51
78 92
6 42
2 25
34 68
22 99
18 79
15 22
23 43
5 44
15 60
17 51
0 49
2 37
66 84
40 96
61 80
10 64
29 80
14 85
30 71
19 62
16 30
10 73
8 63
75 89
9 65
6 93
34 85
50 96
7 54
28 64
59 71
44 87
8 62
19 38
38 52
2 41
56 80
215 283
113 81
250 222
111 254
184 94
133 66
160 53
108 169
127 154
92 14
226 141
200 147
253 284
187 226
89 102
37 282
290 103
185 256
206 78
98 196
13 122
287 255
6 268
45 9
31 175
248 180
114 121
115 224
164 150
286 56
267 139
125 9
244 103
94 55
40 154
213 125
70 55
271 242
87 235
39 98
265 77
279 218
152 33
41 34
160 111
112 31
29 74
137 260
20 37
281 296
202 106
216 225
66 214
0 148
73 163
134 293
230 51
242 27
84 284
267 198
62 277
282 26
119 188
152 186
191 171
71 23
203 0
75 3
43 129
86 147
215 36
273 167
21 218
214 195
178 294
0 173
143 218
164 226
296 187
188 50
254 52
218 260
35 233
49 258
291 7
61 138
193 124
146 140
245 132
12 243
81 264
299 83
298 158
184 23
157 5
48 197
223 93
18 7
2 82
9 297
