100 124 10 10000
10 29
66 96
27 65
0 40
1 30
31 93
13 59
69 91
74 81
26 33
13 19
36 99
56 98
21 82
29 54
17 96
24 54
49 66
8 57
23 32
29 77
24 88
38 79
5 32
53 58
35 76
44 60
83 84
22 95
72 76
41 60
5 73
73 77
12 36
4 80
11 83
16 47
30 75
41 63
45 72
28 90
36 97
52 85
82 90
2 11
31 82
24 57
33 67
47 81
0 71
36 86
64 93
59 87
45 51
58 94
18 60
43 93
75 78
40 70
14 53
8 61
40 96
49 55
51 52
18 34
19 34
25 53
64 84
9 38
22 94
22 46
31 91
50 95
7 48
37 61
36 87
69 82
50 62
71 89
21 66
6 78
14 68
37 56
42 51
17 40
20 84
25 68
3 46
10 68
9 48
6 23
41 42
2 20
15 56
27 87
4 44
48 65
3 98
1 27
79 92
45 80
43 71
39 76
10 88
58 95
15 74
0 43
12 35
5 16
97 99
7 26
12 97
89 92
44 63
0 62
11 39
44 86
55 95
50 55
28 93
42 85
26 67
0 70
33 89
255 190
68 126
183 266
196 57
78 239
81 55
11 110
206 84
142 11
174 132
201 4
201 291
109 226
71 148
232 52
159 70
61 84
292 233
19 168
55 171
150 249
297 293
237 91
10 54
96 28
273 23
209 129
97 118
257 236
34 9
60 107
241 260
35 60
200 161
47 152
102 265
114 179
195 33
137 138
159 291
272 222
12 203
17 243
218 202
48 226
94 296
228 73
87 95
156 93
289 145
263 148
30 289
39 268
271 55
60 16
284 123
165 34
130 55
261 88
97 151
40 198
165 10
271 168
30 217
191 214
128 113
296 81
231 146
238 15
234 297
286 188
223 182
114 287
51 37
125 92
32 101
131 273
1 33
19 75
160 168
56 283
103 79
253 286
201 257
180 237
45 247
93 181
114 133
81 9
175 197
280 276
224 276
180 164
201 234
252 69
271 106
293 211
139 205
176 54
156 190
