100 134 10 10000
28 61
50 69
62 89
8 26
91 94
58 63
51 84
4 49
82 88
73 88
19 83
35 98
3 30
48 54
51 56
32 38
1 10
9 32
17 27
20 80
58 77
25 55
2 46
24 69
16 19
33 49
61 69
71 80
37 85
43 56
62 78
63 70
51 64
49 76
12 47
40 98
13 90
87 90
44 60
60 64
3 72
27 99
58 70
63 86
34 43
36 83
73 82
1 98
25 27
16 83
43 92
7 21
19 82
42 54
10 98
59 70
67 76
34 92
37 94
52 72
84 89
34 97
24 58
8 18
5 40
25 99
21 74
62 75
65 99
6 68
25 36
53 89
66 79
9 39
58 59
32 87
57 91
31 77
6 81
31 65
53 54
41 58
14 22
33 76
2 95
1 5
10 27
16 80
10 35
6 75
52 94
23 57
15 22
39 70
29 30
4 78
49 62
13 88
15 20
12 29
6 7
41 45
46 51
1 97
0 62
22 28
33 42
66 68
75 95
47 48
17 55
6 74
13 87
16 71
20 22
52 67
18 19
37 59
13 21
40 45
11 61
40 93
14 86
32 96
29 85
79 91
11 69
44 47
26 38
74 81
31 50
94 96
0 23
35 93
34 157
166 58
25 26
106 126
47 101
158 80
24 258
8 276
197 270
157 241
202 35
259 127
140 108
104 300
229 265
270 288
296 179
236 12
215 290
300 296
281 236
20 298
257 244
16 169
237 180
273 29
189 230
234 32
249 223
145 134
114 163
238 81
132 264
75 124
144 9
207 68
280 60
132 181
172 268
140 214
170 98
168 143
78 99
101 3
116 50
189 119
43 16
115 76
100 96
36 122
234 123
47 43
84 175
45 63
71 76
261 8
81 14
16 232
219 146
166 171
126 21
262 181
7 150
212 204
91 51
283 100
75 223
58 160
77 261
244 156
190 202
272 206
95 156
166 292
55 297
3 251
76 147
214 109
12 115
46 234
293 207
68 281
188 299
297 12
16 62
146 162
220 231
108 265
133 295
11 89
90 277
59 200
175 2
192 99
101 197
1 34
112 233
182 21
188 76
260 56
