100 129 10 10000
41 80
48 87
16 37
14 93
68 80
60 73
11 34
9 58
45 62
0 33
73 93
5 89
46 58
2 69
10 33
61 87
35 88
1 54
8 54
21 94
8 82
84 91
0 69
1 8
26 61
54 86
63 75
4 68
14 73
18 49
43 74
37 44
22 38
34 62
3 98
11 70
3 51
53 97
16 52
63 95
31 90
28 80
20 65
39 68
61 92
87 92
2 24
41 61
40 93
8 31
0 2
13 83
7 72
55 79
13 30
32 85
32 44
12 88
17 26
18 23
61 96
66 70
29 96
6 54
6 39
75 89
79 86
22 57
11 66
28 84
32 52
12 27
16 32
43 69
9 95
47 94
43 51
15 65
17 30
50 93
19 93
34 45
53 77
24 75
38 62
29 57
27 71
4 91
42 51
56 78
59 76
19 37
26 96
40 78
97 99
55 68
9 23
40 91
47 86
35 82
71 83
12 74
64 91
56 93
9 66
21 54
5 81
11 99
48 72
25 97
46 67
14 67
36 97
16 36
7 71
72 90
25 46
15 81
50 64
2 20
73 98
49 76
25 77
12 35
10 63
15 57
3 42
67 85
59 60
158 111
163 247
191 112
128 175
33 270
252 65
118 215
263 228
187 256
149 44
159 89
155 6
169 193
242 173
39 131
277 125
11 32
295 175
94 91
14 151
229 122
180 286
290 30
113 57
216 84
31 23
292 210
215 190
4 284
291 100
269 153
213 258
23 71
119 92
201 13
190 223
12 5
0 76
241 35
100 233
25 217
227 295
126 132
212 141
18 120
282 5
71 48
125 282
266 249
98 122
65 200
162 159
32 49
93 17
149 266
85 283
9 187
273 89
116 32
90 159
84 137
285 294
234 13
171 50
69 221
245 149
138 27
66 100
71 253
159 136
172 23
242 209
231 238
77 175
204 165
204 59
111 149
71 19
2 209
92 260
48 300
248 102
210 226
270 184
2 247
47 88
105 276
281 271
162 223
221 48
244 273
52 243
265 288
21 170
153 291
152 70
300 136
41 3
86 204
123 5
