100 134 10 10000
2 37
7 14
70 91
34 43
19 86
24 44
17 58
40 93
77 96
40 87
58 87
70 93
27 98
57 98
44 71
67 92
20 88
35 87
92 99
4 42
46 98
18 27
20 73
94 99
10 31
54 58
58 66
55 71
27 57
80 83
3 61
36 77
39 64
83 95
29 30
43 93
21 41
84 92
52 97
25 56
21 96
53 90
26 66
36 72
65 94
15 45
14 44
10 53
16 19
51 79
3 69
31 92
5 17
19 28
36 69
64 86
68 76
26 49
30 73
66 87
33 54
19 23
11 79
59 75
14 91
1 14
37 41
7 43
9 60
18 46
13 76
78 98
32 45
9 50
32 67
45 89
29 56
42 83
65 81
22 77
12 70
21 75
79 84
27 42
28 30
24 71
53 68
35 74
19 60
39 75
62 95
40 66
74 84
32 81
41 59
6 52
33 74
57 78
48 79
13 89
47 58
34 82
26 30
4 78
23 63
1 25
9 16
8 47
22 85
0 38
34 48
6 62
2 96
46 63
0 24
25 52
15 50
39 61
34 51
80 95
69 72
2 85
25 38
76 90
11 51
49 58
77 78
8 15
12 40
38 55
82 93
5 50
88 97
4 83
279 236
259 173
39 290
80 220
152 300
128 101
220 243
300 117
143 46
113 119
17 80
225 51
229 120
71 101
277 141
107 65
125 142
149 98
167 252
143 169
180 196
57 237
61 300
160 181
294 252
234 205
198 135
141 281
154 132
222 160
182 154
5 5
36 55
178 8
283 34
204 31
100 249
3 265
248 251
49 178
241 88
19 242
175 286
289 64
300 155
73 47
135 261
150 75
281 13
171 108
93 96
260 36
204 209
9 135
172 44
265 221
208 189
114 294
175 78
0 216
108 156
75 199
223 273
146 226
74 162
105 26
211 110
18 41
19 158
115 220
257 126
297 191
119 241
191 172
218 15
32 209
48 129
54 269
84 296
250 18
276 288
69 25
255 56
222 296
264 1
20 299
92 176
203 57
171 214
61 75
40 100
240 146
25 4
264 99
147 7
254 275
41 251
201 235
110 271
88 5
