100 137 10 10000
41 78
40 42
32 91
15 67
14 85
1 2
22 89
41 75
68 89
3 82
44 67
19 52
41 53
10 16
87 96
39 87
45 46
83 97
4 86
7 80
33 81
78 87
31 88
39 82
24 77
79 92
69 90
17 27
26 37
15 28
16 27
21 96
23 92
33 51
43 82
58 91
17 86
66 71
0 95
49 64
60 63
7 83
55 77
9 95
44 52
50 62
76 95
12 40
40 51
6 56
40 97
19 68
5 36
40 80
74 85
32 72
54 85
79 81
38 52
52 65
1 65
48 95
25 73
65 93
8 52
13 29
41 71
4 62
43 48
29 80
19 37
2 44
59 70
53 76
10 41
20 22
70 98
3 5
11 30
59 90
2 67
28 56
18 24
8 63
34 84
4 58
0 75
60 89
23 79
73 89
19 26
36 43
6 28
76 94
3 43
38 65
35 69
4 50
14 70
9 76
48 99
49 59
47 70
78 93
92 94
31 99
13 25
6 24
43 95
22 85
45 80
26 39
11 65
4 34
55 63
42 88
61 97
54 70
18 98
27 66
35 47
9 48
12 42
57 85
1 30
20 74
1 58
64 81
35 80
46 64
28 50
21 82
58 84
61 83
4 72
87 93
35 57
161 263
57 129
70 109
187 215
4 227
175 171
47 23
232 147
113 78
209 283
105 297
85 182
257 205
194 115
230 27
40 64
84 300
8 275
192 9
134 116
128 17
147 226
162 38
263 293
84 3
192 136
140 156
36 295
21 40
216 116
72 159
268 245
46 190
277 217
21 201
236 100
204 204
169 147
112 155
155 194
256 177
93 252
225 199
206 228
79 79
280 151
288 125
246 72
232 271
287 35
8 77
281 172
113 109
132 281
224 48
66 32
23 16
183 66
21 138
267 39
125 49
211 184
15 113
96 66
292 104
92 153
48 269
40 96
135 79
266 109
246 41
62 242
26 228
155 109
169 12
128 250
162 300
110 27
95 221
295 258
252 132
298 232
174 232
196 160
25 163
191 31
25 260
129 196
248 233
163 67
284 75
45 161
296 292
108 180
239 298
193 264
119 227
222 165
265 15
256 264
