100 138 10 10000
70 75
50 68
27 29
6 68
56 85
3 81
42 44
37 63
40 76
8 87
21 82
0 63
53 84
70 98
10 62
4 79
16 50
48 73
83 89
73 85
35 47
52 85
3 76
9 43
45 59
11 75
10 87
23 96
8 79
27 69
21 58
40 85
6 48
1 76
7 42
43 80
91 97
32 35
17 70
22 47
6 17
29 44
12 57
14 97
34 58
38 97
10 55
35 72
84 99
80 99
1 40
43 48
45 95
51 93
49 86
65 67
36 61
33 89
34 82
30 56
63 97
25 77
25 34
77 79
1 36
30 85
61 85
4 62
28 39
28 52
20 45
8 90
46 94
31 65
13 54
10 46
24 31
50 66
26 74
18 47
78 84
1 3
22 72
29 69
62 94
2 52
54 65
62 79
19 37
52 60
53 71
86 91
41 82
60 68
42 95
42 83
34 41
14 51
9 40
24 86
20 97
39 60
27 90
15 32
23 60
18 64
45 64
25 76
11 70
20 35
38 57
6 98
49 67
52 96
5 33
19 59
2 28
0 71
11 43
3 34
27 55
26 72
50 88
10 74
81 83
7 58
78 92
13 99
24 51
30 52
12 15
0 93
66 89
44 90
45 47
75 88
11 92
5 16
222 100
41 262
152 289
33 225
4 94
185 213
238 256
108 196
41 115
287 297
37 54
289 223
28 17
285 91
205 51
90 13
222 196
274 251
119 116
224 164
157 62
93 162
103 64
232 290
254 28
2 194
54 29
73 107
153 258
95 119
126 289
276 48
121 20
173 184
49 197
126 50
97 256
245 146
163 30
197 252
31 300
28 139
134 175
298 243
114 146
163 118
19 38
133 85
273 280
199 2
209 214
244 66
176 294
242 117
299 59
45 84
102 282
155 7
84 212
195 147
207 270
59 294
1 50
198 123
134 140
297 32
182 236
287 14
219 249
95 93
267 218
262 99
107 38
253 296
71 69
262 184
8 255
3 159
290 134
1 115
299 108
95 236
52 144
126 225
263 133
88 298
212 19
21 76
247 202
153 217
78 134
190 33
274 151
221 72
3 21
170 160
202 294
180 61
257 238
280 115
