100 137 10 10000
63 85
49 87
64 74
2 28
9 37
47 63
2 7
29 93
1 20
5 13
61 85
4 60
55 90
23 46
15 97
14 78
45 94
64 76
49 70
14 75
10 85
41 79
38 54
38 94
50 88
28 40
76 93
26 93
38 76
28 88
32 91
30 94
8 40
79 89
2 8
46 51
24 52
47 76
33 37
29 63
34 82
41 89
56 71
22 44
6 91
48 71
9 64
48 66
11 82
56 73
67 94
48 91
3 73
19 49
32 57
36 43
73 80
11 55
44 92
24 91
21 72
30 96
9 12
52 66
12 21
53 86
16 78
51 89
1 31
11 34
13 83
15 16
29 47
5 31
34 98
25 62
18 57
19 87
82 89
5 65
60 95
72 84
4 49
11 85
43 85
79 82
20 58
9 33
45 54
11 61
1 77
37 97
0 63
73 98
35 68
17 48
45 69
3 70
27 81
50 62
27 95
30 90
35 70
7 44
11 39
39 85
45 59
6 48
17 91
23 68
26 76
4 95
58 83
89 99
1 86
37 77
81 83
85 99
42 84
69 94
46 80
90 96
9 74
1 13
47 59
36 51
18 19
10 63
22 62
75 84
37 42
22 92
7 65
0 36
64 67
15 25
31 53
165 170
91 147
82 32
269 66
192 107
123 94
225 3
116 25
32 52
49 233
173 252
257 255
22 263
121 129
3 146
37 116
11 115
282 48
166 42
168 63
104 184
6 221
60 65
279 116
200 2
25 99
89 243
142 123
67 12
146 185
296 298
99 102
207 56
74 212
297 235
220 110
205 180
48 193
93 285
248 214
27 32
270 158
33 217
189 198
103 76
168 282
246 138
144 208
251 2
196 81
11 50
220 149
180 8
71 110
131 281
283 257
297 33
194 24
114 150
152 252
196 146
233 264
30 73
170 214
74 270
132 66
130 0
53 296
265 95
207 270
217 74
292 11
4 187
300 96
45 267
24 148
114 257
81 175
6 79
278 183
285 140
175 149
276 209
143 153
28 181
216 230
74 132
156 90
5 10
252 177
259 284
224 28
62 87
125 196
206 296
170 117
238 295
67 151
294 161
231 187
