100 134 10 10000
74 82
26 99
14 60
29 68
67 76
21 99
49 87
5 91
83 92
42 54
32 99
26 72
58 80
10 67
61 81
16 84
38 45
40 75
13 92
28 74
41 68
6 57
4 73
19 26
83 93
60 73
27 53
49 62
58 86
12 25
32 88
0 1
10 98
26 97
73 84
8 70
39 79
34 95
77 89
34 92
21 64
15 64
35 38
4 52
22 44
14 31
0 77
29 49
23 55
14 46
59 80
36 75
61 85
19 97
33 82
27 36
30 55
43 83
57 77
33 74
44 75
2 5
41 69
11 31
49 91
10 69
5 62
53 93
1 22
9 48
50 59
15 45
27 40
78 81
54 96
47 90
66 76
5 90
4 57
28 94
3 4
37 83
0 44
41 98
54 58
30 60
46 71
4 60
44 85
47 48
41 56
7 88
35 59
8 65
20 52
52 57
7 82
8 9
32 94
6 79
3 81
16 18
24 96
10 37
34 53
67 92
21 50
24 42
18 86
2 84
56 72
27 95
25 78
52 62
12 71
88 97
23 73
10 43
13 79
17 54
70 80
11 24
63 87
66 87
31 46
23 51
49 63
18 58
0 89
65 90
6 39
59 99
17 51
20 57
217 188
205 228
140 95
234 150
184 100
109 112
185 182
38 197
77 7
82 32
117 260
241 42
299 103
188 240
240 73
70 112
133 60
214 2
170 48
25 272
152 162
16 83
247 241
193 60
262 27
274 106
13 247
252 265
34 151
96 191
224 89
264 57
18 198
65 148
189 273
47 28
267 219
97 296
50 72
151 195
271 282
46 222
234 16
132 280
257 198
35 94
280 83
68 87
74 58
102 161
19 63
186 26
169 134
248 298
253 2
214 62
55 266
188 159
141 1
3 37
239 114
290 162
144 124
124 167
24 117
101 40
105 209
115 238
78 215
76 266
24 14
291 45
12 288
203 92
56 172
298 210
128 220
213 166
299 137
161 232
2 13
270 132
72 186
164 299
174 82
298 183
134 39
123 189
14 218
251 164
119 88
88 137
155 258
288 298
36 174
210 250
290 19
29 233
93 244
7 178
