100 130 10 10000
13 60
65 71
0 8
37 97
13 70
43 49
12 87
11 45
57 86
55 99
31 71
1 81
5 74
33 80
96 99
0 98
52 65
35 85
10 36
20 32
6 84
16 37
67 73
77 87
21 95
12 22
8 27
51 91
41 80
10 25
66 76
3 78
64 82
66 97
4 43
77 91
75 98
10 43
41 82
9 39
47 97
52 53
7 16
48 87
52 84
13 39
88 94
43 60
14 42
17 76
6 85
2 79
60 93
72 81
32 40
19 92
18 93
68 88
29 61
24 85
61 83
49 60
20 73
7 56
38 69
15 43
2 70
10 15
40 57
26 76
21 96
47 72
32 66
45 89
1 63
18 60
54 81
23 99
30 41
4 13
56 68
17 32
82 86
53 95
19 59
6 35
44 54
13 90
34 69
42 69
11 22
14 31
11 55
59 92
5 46
1 9
44 81
28 50
1 94
8 62
48 91
64 92
8 67
65 83
44 66
29 50
26 86
62 92
30 80
46 82
63 74
34 75
20 93
28 79
13 43
58 80
36 38
23 33
51 78
19 27
25 28
69 78
24 84
2 90
3 91
21 87
35 99
33 89
52 95
5 58
159 197
14 2
2 101
149 263
43 158
259 49
293 223
49 11
172 146
6 76
54 189
244 146
216 205
35 134
58 282
80 176
70 49
174 59
106 108
206 149
121 80
247 251
234 170
295 188
295 272
16 172
221 20
182 191
36 212
48 256
282 56
141 296
150 63
294 127
120 177
268 205
67 218
82 72
73 249
50 94
163 90
256 76
97 254
67 152
153 7
256 128
245 26
72 15
201 230
102 132
14 242
168 236
295 297
267 285
192 2
286 157
35 42
193 77
291 22
236 122
69 105
17 262
184 110
237 0
228 80
205 300
146 40
129 130
53 62
98 217
10 145
179 293
117 25
128 104
263 6
104 164
189 27
224 270
130 245
5 220
293 88
132 5
237 57
41 298
300 249
265 242
222 40
222 234
26 63
252 102
27 112
199 259
217 97
98 85
21 22
242 296
242 207
97 48
135 157
254 190
