100 130 10 10000
32 86
13 81
12 99
16 49
36 47
63 77
77 96
15 76
30 62
19 60
48 91
24 72
23 82
36 72
50 93
73 90
3 98
38 88
32 35
26 42
18 34
12 64
40 90
12 61
33 58
25 38
15 77
68 71
36 65
13 33
42 54
2 46
20 92
3 47
23 38
11 93
54 75
73 95
53 60
19 83
10 95
52 91
1 47
40 73
25 69
2 45
19 87
10 31
54 74
47 57
56 98
20 65
54 97
6 88
19 99
52 61
29 41
4 9
53 61
54 69
11 14
55 75
29 43
31 80
17 55
78 94
5 96
84 86
25 33
4 30
57 98
61 91
45 90
26 66
48 52
53 67
71 86
14 18
26 65
22 66
40 49
63 70
77 85
83 88
45 95
1 56
25 55
58 78
17 64
43 52
38 82
24 28
55 69
21 22
39 62
0 16
31 84
30 39
89 94
43 53
74 79
5 27
28 80
0 89
51 88
39 68
92 97
44 67
4 85
87 93
7 36
46 81
41 79
13 21
8 92
59 78
5 15
19 50
8 27
44 60
2 89
30 35
70 76
15 34
7 72
23 99
51 59
37 98
6 89
9 37
231 296
161 111
235 248
228 154
221 83
164 67
182 299
229 178
105 122
246 98
269 165
38 2
30 172
135 255
75 6
184 32
284 283
34 204
116 14
3 31
138 177
121 230
148 239
18 223
232 224
72 245
160 193
117 87
250 182
55 69
246 75
282 149
292 53
112 250
138 43
275 93
203 181
253 125
31 267
279 33
273 266
95 73
115 192
69 101
18 62
261 225
205 237
176 145
72 155
244 277
16 3
51 285
56 125
37 110
93 167
64 219
189 91
190 124
125 274
87 279
13 84
23 130
249 26
217 18
18 189
173 166
194 203
38 86
268 10
86 201
208 0
291 12
216 211
295 250
81 123
69 178
147 19
219 39
156 290
92 96
254 149
177 255
37 240
2 288
286 129
195 71
295 170
32 42
36 300
209 278
266 245
44 143
146 126
48 28
186 275
284 209
188 52
114 166
205 107
4 166
