100 132 10 10000
17 82
64 72
1 86
4 94
88 95
2 79
64 74
20 93
13 99
39 42
37 90
55 81
40 81
35 62
20 21
49 64
6 47
13 74
2 21
26 98
29 46
0 61
34 67
48 70
38 88
10 81
28 77
8 97
16 52
23 90
9 34
31 51
11 47
5 99
49 57
12 28
55 82
25 59
45 92
12 72
33 88
38 40
51 98
80 99
24 45
19 87
1 56
38 95
44 83
18 60
39 80
8 89
59 78
96 97
10 60
4 15
23 70
63 69
53 96
46 82
58 94
36 59
3 34
71 76
49 91
22 26
9 47
3 67
0 85
51 75
74 77
26 31
56 75
54 87
25 90
15 50
8 53
52 72
35 86
33 96
25 30
25 36
29 63
19 79
42 61
10 71
7 82
15 73
57 91
98 99
6 62
28 90
37 65
39 68
32 39
44 67
15 27
54 68
27 93
72 74
24 33
23 45
16 57
22 66
33 48
14 70
15 58
7 85
5 66
17 55
30 65
92 96
84 99
30 59
21 94
32 42
73 93
39 54
21 78
43 88
6 41
76 94
14 18
79 91
11 69
38 69
70 90
41 89
13 84
26 83
50 54
41 43
169 50
17 11
260 179
8 100
225 113
174 26
24 185
129 70
37 241
54 121
150 164
43 176
250 292
296 1
133 207
253 101
245 243
185 112
146 190
294 47
261 158
220 177
122 18
135 294
109 267
162 224
115 37
285 90
224 289
89 102
205 239
82 47
196 45
86 244
25 121
2 73
180 203
192 257
84 187
230 46
94 165
47 211
194 68
68 213
56 76
88 287
115 86
43 146
107 232
251 223
210 96
68 6
249 263
39 268
264 73
127 116
33 25
230 204
238 131
203 215
173 168
171 80
4 139
75 150
278 246
221 261
162 5
28 81
242 23
58 161
143 248
127 138
271 266
271 134
287 287
57 46
182 148
270 299
196 188
290 190
211 7
109 149
137 97
98 67
234 1
140 49
5 41
271 19
102 210
12 214
159 261
269 202
55 289
287 148
218 145
124 182
74 269
59 235
106 4
192 0
