100 133 10 10000
20 77
33 85
9 22
3 34
0 50
62 98
18 35
85 86
12 39
2 35
10 98
14 80
8 70
25 30
42 57
7 42
6 94
2 49
14 72
56 91
23 48
51 62
60 94
13 38
28 87
7 92
6 71
62 76
24 87
0 67
51 84
0 74
47 67
1 48
77 78
4 26
89 98
21 54
52 92
37 76
10 94
38 57
82 90
22 64
0 43
41 73
40 73
27 58
51 77
26 29
66 81
3 25
5 44
14 46
27 61
13 31
66 69
21 91
75 96
6 89
65 81
21 97
24 56
42 43
9 31
5 94
33 86
36 87
46 93
63 69
42 52
75 76
40 55
34 72
91 97
59 93
43 50
16 19
23 82
43 57
3 4
80 93
64 88
8 54
17 58
22 31
55 60
49 82
1 56
53 68
12 35
26 35
64 65
23 29
18 82
19 33
61 99
83 98
23 70
17 45
25 63
70 79
32 83
41 71
16 79
59 74
32 53
17 32
15 45
21 37
11 76
27 68
65 85
1 90
9 73
2 39
10 44
20 36
81 88
78 97
37 96
20 28
65 95
11 84
64 81
0 59
16 30
47 50
9 99
8 16
15 60
69 92
22 95
256 289
140 25
257 23
242 107
267 90
40 167
80 151
279 256
172 96
133 253
27 135
89 82
291 82
174 273
289 169
62 191
206 126
26 227
238 51
169 134
22 55
142 74
145 228
189 23
95 2
255 137
231 90
60 272
30 25
218 61
231 137
167 244
4 198
184 148
266 114
260 63
10 24
131 118
205 265
288 27
79 242
111 183
247 243
229 267
26 185
48 229
285 198
153 292
164 30
276 6
199 287
47 82
247 222
11 278
159 113
83 210
118 6
223 233
19 258
299 283
82 180
96 272
69 88
270 158
163 217
167 182
230 203
76 298
33 288
264 190
165 66
101 163
284 127
114 220
276 286
109 142
100 102
60 36
87 24
199 71
295 104
209 191
228 11
2 79
73 54
191 174
220 156
75 6
202 239
76 128
208 4
116 33
272 234
297 222
57 150
131 182
154 162
95 53
39 107
97 251
