100 139 10 10000
29 56
53 78
50 71
14 68
18 49
52 89
38 99
9 66
62 73
9 36
9 79
27 66
26 57
27 33
12 46
35 75
16 64
20 44
35 38
34 46
41 88
11 27
21 70
14 83
57 82
15 96
74 89
44 73
16 88
7 80
3 45
10 47
39 72
69 95
20 52
13 71
14 22
55 83
23 30
17 64
63 98
31 63
18 68
0 22
48 68
42 55
15 58
20 74
78 84
13 49
27 39
13 82
7 76
3 40
67 95
11 19
17 60
9 70
44 54
69 85
71 98
14 37
19 66
15 50
7 59
31 98
41 76
11 39
68 90
85 94
36 96
51 86
61 96
67 91
28 71
10 97
45 61
5 41
57 73
18 32
56 67
74 77
76 80
91 93
36 45
30 53
7 81
33 42
23 33
54 90
1 62
27 55
60 96
24 92
2 35
43 91
2 93
58 71
46 63
25 92
5 47
47 59
6 41
26 77
16 65
56 99
45 70
49 57
1 18
65 67
28 97
42 84
6 88
13 98
4 42
34 97
12 82
8 81
21 40
1 57
79 83
0 54
79 87
40 75
48 73
24 29
26 46
8 16
37 83
25 96
2 75
43 94
9 87
40 86
51 75
47 97
4 84
27 72
32 36
64 291
114 174
289 101
236 136
179 249
13 4
97 13
77 45
131 29
214 186
26 72
275 233
31 160
72 124
160 242
107 102
177 33
130 58
129 160
288 210
47 272
243 176
135 285
218 293
186 82
154 93
40 187
244 238
12 96
197 54
264 292
29 136
159 177
230 256
5 200
260 113
186 154
171 201
235 103
283 255
256 152
41 5
201 264
282 59
92 262
203 128
13 171
30 52
116 223
94 132
79 73
283 170
41 252
299 273
114 282
212 245
227 62
89 165
74 99
48 76
127 86
179 105
107 201
14 119
170 52
203 5
247 211
240 29
148 198
274 11
219 150
53 97
245 276
71 216
12 255
300 132
75 17
10 222
300 299
195 206
54 37
107 69
63 149
190 229
193 297
293 32
260 189
217 214
120 5
24 238
132 243
262 61
161 70
259 83
297 78
262 36
155 125
0 77
38 116
206 95
