100 135 10 10000
5 69
80 92
56 68
92 99
5 36
76 96
44 47
43 70
21 42
57 68
21 55
22 90
0 11
27 49
65 97
2 5
88 94
18 80
42 55
73 99
8 93
48 67
2 93
17 81
63 70
23 95
79 94
19 85
32 38
16 30
67 76
13 99
8 46
18 92
50 92
33 82
7 69
67 91
7 9
27 79
10 83
0 46
15 86
4 62
27 63
29 41
1 81
49 79
19 34
59 67
31 71
37 46
15 64
35 61
18 75
49 60
61 80
9 34
3 11
82 85
3 13
50 80
54 98
23 98
38 89
58 85
44 65
30 32
4 61
22 60
62 92
37 81
17 95
6 35
7 25
9 56
28 33
33 79
24 43
38 55
12 97
39 80
30 52
9 68
74 96
21 72
59 91
18 99
6 45
40 75
8 25
0 51
33 88
3 87
55 72
66 78
48 90
64 96
3 21
3 44
47 53
58 83
43 84
21 87
62 73
18 39
31 54
9 94
1 51
28 94
53 66
41 48
16 52
26 53
1 20
52 89
14 52
18 57
10 40
36 84
7 94
12 44
14 26
40 56
71 86
24 93
74 76
8 99
29 91
44 77
78 97
45 55
3 77
0 20
81 95
177 163
170 225
101 153
216 101
199 46
67 169
266 21
78 108
130 126
64 88
35 6
180 114
247 181
177 81
294 242
298 279
292 191
114 224
127 47
45 68
167 185
223 54
25 272
186 255
110 197
109 119
244 232
35 212
5 140
89 250
285 148
249 277
273 102
1 164
24 86
235 6
46 166
155 167
283 77
104 13
61 18
72 271
247 84
84 212
261 159
274 44
151 140
271 196
52 298
13 215
166 7
198 201
299 123
283 214
227 266
262 69
78 61
110 79
44 38
148 279
19 245
205 0
182 34
56 221
267 294
200 157
252 210
96 299
93 90
54 147
56 243
247 255
249 40
174 54
204 287
92 46
181 296
204 126
217 226
23 161
124 5
128 208
6 71
8 39
61 192
23 59
276 275
198 67
5 107
297 61
7 287
115 274
148 41
122 174
33 133
130 255
230 294
220 179
191 235
143 94
