100 129 10 10000
27 49
15 61
11 78
28 46
48 97
73 96
25 98
9 94
15 67
88 94
11 99
10 83
24 75
58 98
4 65
23 41
76 87
0 61
72 97
73 82
3 10
84 99
5 48
39 57
66 95
9 14
59 79
3 79
18 47
1 89
33 53
70 76
24 45
64 82
51 72
22 31
56 58
26 70
10 89
30 98
6 69
21 80
29 34
46 78
18 59
7 8
26 76
71 74
74 99
28 86
68 70
67 93
63 64
88 91
37 83
24 32
30 65
42 98
16 52
72 88
16 70
50 84
52 80
54 57
19 40
3 83
61 75
65 92
38 82
35 44
24 50
29 85
2 13
2 92
31 43
55 81
3 36
55 76
45 46
12 89
19 78
36 62
5 24
22 56
17 27
20 39
40 96
69 77
89 90
69 85
42 49
20 91
13 35
34 77
34 43
66 74
38 96
3 21
6 92
58 65
43 47
21 79
11 50
25 93
14 54
48 87
7 73
74 95
32 53
1 10
4 13
12 37
71 99
19 96
8 95
48 60
51 88
25 41
62 79
60 68
33 86
59 80
20 63
0 60
21 26
44 70
37 81
17 23
51 90
117 177
261 219
66 198
252 265
80 173
178 131
28 228
32 12
80 29
210 121
296 243
141 75
275 179
106 216
233 104
66 128
174 265
60 73
153 266
141 18
300 66
229 265
1 284
76 95
156 104
19 121
212 235
50 42
202 33
31 286
7 146
113 292
192 105
266 53
60 284
132 206
295 263
225 216
213 8
289 104
121 7
41 111
39 79
102 272
131 239
181 75
179 29
131 282
182 166
10 64
122 123
286 153
199 269
211 72
269 107
200 194
24 257
276 72
2 198
166 296
148 180
123 155
276 283
299 10
281 38
32 178
120 62
53 145
155 211
65 226
182 240
78 52
244 149
83 4
98 40
141 137
192 220
73 246
160 42
244 296
202 294
220 169
264 1
248 240
103 108
43 246
233 31
170 194
262 126
286 205
298 185
297 126
40 204
29 155
235 126
105 20
180 5
198 139
8 94
102 83
