100 127 10 10000
29 62
3 95
38 67
1 21
22 30
36 73
17 87
58 85
61 63
61 76
13 36
0 27
56 79
16 79
11 44
42 65
69 82
70 76
54 69
64 84
23 28
29 37
2 70
35 98
9 60
80 91
11 83
8 38
26 39
47 77
17 81
24 58
6 90
60 78
16 83
7 91
60 86
26 59
14 30
10 54
9 15
40 51
34 72
49 88
18 90
23 95
24 75
15 51
4 65
10 12
43 50
0 81
83 87
18 29
56 83
3 66
7 13
57 82
5 94
0 67
68 98
24 47
71 88
25 95
14 46
92 94
26 96
68 90
20 55
36 50
52 91
62 97
17 89
38 65
40 59
50 53
53 72
32 99
31 49
17 48
3 93
12 32
33 64
34 43
27 83
44 83
52 86
32 44
16 74
41 45
63 75
15 97
30 57
74 99
19 45
19 87
5 90
20 90
6 92
1 55
8 65
49 71
20 29
37 62
28 34
93 95
22 31
32 66
67 73
14 24
17 96
63 85
13 80
59 77
52 84
25 93
14 57
33 78
39 77
42 89
41 57
17 26
2 77
21 35
46 88
4 48
6 40
237 152
0 19
64 156
248 298
193 94
53 82
88 70
287 110
249 85
168 44
157 273
138 235
175 300
289 139
66 237
120 56
199 238
165 140
91 48
132 189
60 19
1 116
73 294
248 254
49 219
292 274
127 141
192 174
293 250
86 22
85 265
18 284
191 278
230 42
297 199
2 84
254 134
113 15
225 112
115 178
141 85
75 210
189 66
279 164
164 254
95 191
50 255
65 187
195 120
9 224
253 174
147 65
273 2
265 209
122 286
28 22
209 190
98 236
16 200
102 117
181 22
16 134
72 0
23 157
277 37
214 70
204 295
222 134
18 43
118 249
54 138
30 254
279 227
249 113
197 258
41 172
27 115
90 152
198 47
217 223
300 169
194 153
115 220
167 210
256 27
2 165
196 6
171 178
29 231
169 106
42 46
284 60
82 116
288 300
52 118
264 278
152 161
153 8
36 94
233 278
