100 131 10 10000
10 58
50 55
48 51
37 67
47 77
38 95
13 53
7 45
54 89
12 16
61 87
65 93
23 90
95 96
5 68
16 41
7 24
58 99
14 21
26 77
18 92
1 55
17 21
41 51
23 75
25 34
33 66
58 67
24 28
55 96
14 46
27 75
8 56
47 73
3 44
7 28
64 97
44 51
0 20
18 38
29 33
84 86
2 47
48 98
6 33
38 59
35 93
6 63
79 83
10 31
26 85
27 94
28 30
1 43
7 73
76 93
45 82
12 21
59 74
52 74
23 56
78 99
50 96
3 86
64 71
28 79
32 57
30 83
8 9
47 53
4 16
24 38
15 55
31 42
62 63
34 88
11 72
17 33
71 85
38 92
6 40
24 39
49 70
62 71
7 72
7 39
74 82
88 90
47 87
52 82
35 55
2 42
14 66
56 80
2 52
23 89
65 76
13 32
22 49
25 36
78 84
53 88
22 96
75 88
19 69
57 91
36 94
10 74
61 97
15 50
40 57
9 98
46 65
81 89
0 91
5 92
11 38
20 60
3 54
70 97
4 29
31 52
37 68
57 60
19 60
20 69
14 43
80 90
23 81
49 79
16 60
245 208
224 1
101 153
175 299
294 92
1 228
244 107
44 104
222 240
230 262
17 213
15 122
299 16
166 168
248 49
109 30
298 153
288 48
22 25
285 169
244 186
272 6
62 16
180 216
34 63
113 253
192 131
144 234
65 80
277 115
98 106
49 207
191 151
268 79
100 217
154 37
123 231
25 292
16 51
24 92
220 119
292 222
93 189
245 14
249 296
57 132
215 48
115 130
282 257
91 40
85 14
278 284
66 176
131 151
179 269
124 13
203 207
214 163
55 230
8 149
243 141
141 96
171 54
210 69
152 62
225 26
244 76
28 271
3 285
270 199
109 63
181 79
28 144
88 129
28 186
147 211
195 39
157 123
68 291
73 52
181 188
181 241
34 166
89 81
125 297
184 112
151 282
119 104
113 173
199 232
149 190
215 187
17 4
178 15
133 256
45 28
39 0
133 74
272 235
76 270
