100 132 10 10000
45 61
52 63
26 39
52 65
62 87
95 98
5 43
25 72
25 55
17 39
43 96
15 83
12 64
70 96
83 95
48 62
10 31
8 69
36 47
23 95
48 53
30 54
24 52
7 55
4 12
63 91
12 80
0 38
10 67
49 78
47 94
9 30
57 95
49 75
3 61
37 50
0 81
76 89
44 82
46 89
3 45
22 65
3 43
21 92
74 88
21 40
9 71
50 60
27 91
14 33
7 28
53 99
32 65
52 79
13 71
2 73
51 84
16 35
38 90
11 97
24 89
86 89
5 20
19 84
69 97
31 55
34 41
28 60
4 46
38 48
17 87
47 74
1 67
22 32
51 90
12 15
13 93
18 81
56 85
36 57
22 68
0 90
19 51
56 69
65 68
24 76
27 49
11 23
17 26
10 66
18 70
7 72
33 40
13 77
25 75
38 53
6 77
20 80
1 21
30 93
4 64
44 58
41 52
3 29
15 94
35 73
11 14
2 97
16 31
66 82
4 89
22 54
87 96
42 92
57 98
63 79
59 99
70 84
39 62
24 86
33 85
61 88
42 53
6 25
29 61
59 62
69 85
7 37
8 14
37 49
2 58
34 78
32 250
8 148
93 94
195 296
279 219
262 257
118 14
235 0
103 155
124 84
17 88
125 147
244 228
144 45
114 176
217 212
23 43
126 290
31 275
12 230
233 282
15 181
212 154
131 105
287 154
155 6
153 288
260 53
283 13
215 291
166 92
26 4
236 165
76 169
209 85
69 26
135 192
224 30
69 233
152 255
49 154
244 99
59 194
292 298
82 70
173 291
297 256
152 222
95 246
201 51
246 28
8 209
263 122
86 215
186 126
84 2
66 127
175 195
64 96
118 229
284 33
177 268
121 255
287 106
235 193
248 136
21 64
22 111
224 108
100 135
54 284
136 64
215 12
107 59
176 236
166 44
260 178
120 42
186 96
267 84
229 262
56 254
72 51
205 178
4 281
69 149
289 127
76 272
198 233
290 185
39 209
280 57
40 185
161 68
173 216
172 151
91 300
104 114
158 179
109 202
