100 133 10 10000
66 73
19 46
53 95
17 66
53 63
19 89
3 26
12 36
62 86
6 25
15 95
31 45
15 33
49 65
8 31
8 73
74 85
2 63
14 72
10 14
62 88
24 99
23 54
39 97
76 97
44 60
17 55
27 90
1 4
18 83
30 88
79 87
61 71
25 48
19 77
29 92
8 30
51 97
63 82
59 89
27 84
20 74
16 38
19 59
46 90
0 84
45 73
4 94
21 98
36 74
14 67
13 91
47 56
69 70
13 15
64 74
63 81
10 96
24 81
91 95
22 57
24 95
21 39
42 76
72 87
53 81
43 94
17 70
40 63
49 98
13 23
56 63
6 20
37 80
2 11
1 79
29 31
60 83
48 93
5 51
1 24
42 93
77 83
58 84
23 89
78 97
11 68
0 18
20 71
34 78
4 32
37 75
35 41
40 87
16 49
7 14
32 72
26 50
12 50
0 69
26 37
14 56
31 92
21 36
20 93
7 94
9 20
41 49
5 64
49 75
9 46
53 82
55 86
3 12
54 88
37 96
38 97
33 92
83 86
35 67
41 65
5 85
28 68
57 61
22 36
36 57
42 52
43 96
34 52
18 44
80 99
28 47
25 58
246 12
160 249
239 290
154 128
125 257
31 98
85 29
100 266
286 136
122 37
47 245
245 251
115 134
193 158
77 298
218 188
24 165
290 55
210 20
189 67
97 48
68 138
133 122
199 124
152 222
58 15
129 188
171 21
285 263
251 139
262 99
267 169
156 283
261 196
7 32
14 246
100 108
97 218
42 154
32 119
197 273
46 210
44 57
74 248
190 35
282 193
164 55
263 298
44 30
44 186
111 174
12 107
12 56
210 224
216 147
272 81
214 295
134 94
17 6
183 95
206 50
133 69
239 92
217 257
51 80
26 199
291 115
25 296
275 221
284 14
253 41
106 85
128 283
298 169
74 76
84 195
9 86
221 75
9 215
176 269
131 210
178 230
239 223
225 43
123 6
70 116
251 68
179 289
234 120
210 100
138 23
166 179
238 165
63 46
99 239
192 199
72 226
13 138
74 158
147 197
