100 128 10 10000
41 88
58 92
22 96
43 84
86 95
72 89
24 78
84 87
29 32
4 11
27 98
55 66
14 92
42 77
15 16
62 74
3 14
15 58
46 68
23 25
55 76
35 77
24 52
14 58
11 17
4 94
46 47
42 87
18 91
24 99
71 85
43 87
23 73
15 60
23 76
70 80
1 50
2 13
45 83
47 51
10 66
21 85
8 26
39 72
9 81
17 68
25 70
19 75
49 69
9 65
21 37
30 89
34 49
31 61
36 42
5 31
7 82
19 74
16 77
32 33
48 74
24 84
0 18
61 74
40 57
22 91
4 38
27 94
65 70
12 37
63 82
37 69
0 79
6 96
12 87
8 55
23 93
5 25
34 99
10 25
50 59
82 86
64 75
47 68
6 56
5 73
6 30
7 95
28 53
35 75
54 92
9 48
17 38
5 62
13 41
31 54
62 70
49 59
17 81
24 43
92 93
2 20
20 79
19 64
56 57
62 80
3 76
44 78
63 90
53 97
28 32
17 98
39 96
26 66
60 92
29 40
67 97
1 90
82 99
45 88
71 76
52 84
4 57
29 67
36 44
4 51
7 83
27 33
298 57
215 62
214 135
107 155
245 245
67 204
243 185
272 16
178 195
76 296
124 233
278 252
103 80
205 104
77 106
19 117
46 102
284 279
300 86
3 152
274 128
137 99
273 163
84 186
125 0
86 219
172 220
216 283
101 271
172 272
196 184
38 202
126 295
192 286
191 49
33 80
14 40
140 60
241 285
194 149
204 261
237 100
71 56
92 14
59 16
236 41
298 187
291 212
14 290
160 69
189 91
272 228
154 6
114 253
33 166
145 200
248 223
217 239
41 123
161 89
25 138
10 198
37 228
211 18
19 95
48 283
145 226
190 242
300 236
168 46
67 262
140 174
175 142
54 178
5 269
17 60
113 177
73 86
22 4
261 96
27 268
295 298
248 14
269 46
134 20
150 115
293 13
95 42
249 62
174 175
215 39
293 156
60 137
77 151
224 263
286 34
229 165
156 250
259 297
180 6
