100 130 10 10000
81 88
65 86
5 80
12 65
20 38
19 73
63 81
57 60
24 68
13 21
13 55
53 85
64 92
40 49
11 28
28 99
29 77
55 60
74 83
16 53
10 16
38 95
3 55
2 41
17 58
22 25
13 95
2 92
15 44
31 89
87 95
29 61
36 51
46 47
22 79
40 83
36 85
76 85
3 37
34 51
0 39
56 89
6 39
67 98
67 97
42 76
32 74
18 83
5 37
9 68
22 84
25 45
80 95
38 59
26 85
9 38
10 83
47 85
35 95
32 72
22 30
45 52
69 91
4 58
4 66
62 69
39 79
16 72
81 94
51 69
14 64
34 85
31 93
53 98
35 71
21 55
51 91
47 82
61 77
16 26
9 48
17 97
29 93
27 54
18 24
70 89
0 20
6 27
1 88
23 44
45 78
7 75
42 99
52 90
33 97
49 51
78 88
8 16
13 35
38 48
59 74
23 62
11 69
35 87
43 45
50 66
54 81
1 63
46 82
41 69
25 43
58 84
21 94
15 56
29 57
3 60
65 96
14 70
48 80
44 75
33 46
12 61
8 53
41 73
6 71
32 50
7 19
64 86
2 96
30 90
214 217
273 170
61 23
249 65
203 240
206 94
215 168
124 46
85 260
114 143
37 172
34 76
262 18
203 126
155 12
146 34
59 213
224 291
97 155
95 49
166 201
242 111
248 223
146 89
102 126
288 249
20 184
242 153
40 36
293 55
257 266
243 32
150 240
59 298
9 136
190 161
4 102
221 56
139 154
242 190
78 139
86 72
4 20
290 229
172 71
298 270
24 266
13 288
139 130
48 143
131 270
39 103
276 289
62 260
262 135
230 93
178 27
295 102
194 262
133 207
260 82
285 35
103 86
281 151
119 23
241 4
163 262
117 289
118 113
77 94
189 6
196 192
112 248
111 65
124 229
135 64
2 65
286 7
295 180
277 212
184 119
296 130
33 300
81 185
230 258
9 230
123 3
162 158
300 158
209 32
248 291
62 120
99 24
273 60
268 102
168 138
29 1
170 296
77 286
24 50
