100 136 10 10000
16 44
35 98
12 65
4 28
43 69
45 67
4 57
42 46
2 97
21 93
29 76
27 47
44 53
74 84
64 67
28 54
0 90
16 71
55 68
16 36
57 84
78 98
22 82
19 68
71 83
56 57
77 90
27 42
34 62
1 37
26 82
5 31
46 87
14 41
96 98
45 99
57 73
6 23
14 18
60 68
15 78
54 86
46 57
65 92
7 79
76 92
58 72
27 40
3 61
40 56
26 64
8 18
69 72
21 41
69 97
41 93
78 95
8 76
52 90
32 70
14 96
17 38
34 89
19 54
48 85
5 6
51 55
20 37
15 30
75 94
34 70
60 91
29 90
3 10
2 25
64 83
66 77
36 53
46 49
97 99
59 64
0 77
74 81
42 87
73 86
39 91
38 54
68 69
50 81
52 77
42 49
39 51
20 50
92 93
25 97
22 97
38 63
32 62
59 67
11 21
34 88
15 95
3 85
2 43
51 91
2 51
24 48
13 33
61 88
9 66
7 83
10 61
12 92
24 81
37 89
14 80
58 63
30 67
1 62
33 76
63 69
57 86
23 32
27 31
37 94
71 79
35 78
9 65
13 14
3 47
53 66
67 80
79 83
17 68
30 95
11 75
186 210
253 199
17 25
256 107
172 50
185 91
176 127
128 181
206 285
213 204
295 112
267 238
249 247
150 262
158 296
95 287
108 150
91 100
181 285
111 28
300 190
298 271
14 159
211 137
278 39
9 2
22 190
242 69
145 94
194 246
67 276
215 81
221 164
173 265
270 156
133 250
147 166
279 185
124 103
40 2
251 29
230 284
214 54
21 66
150 116
11 268
195 46
227 107
266 68
205 11
299 61
64 10
116 217
157 140
116 74
67 52
235 11
176 1
56 165
67 231
79 34
276 130
257 177
90 130
41 201
219 234
172 169
42 263
83 66
29 104
244 135
86 161
15 132
138 15
293 6
299 228
205 263
146 191
107 250
107 178
61 297
300 28
36 169
104 198
266 1
290 83
154 32
179 71
296 142
289 166
161 219
113 1
229 262
252 279
289 210
71 251
130 296
6 83
115 278
4 218
