100 131 10 10000
32 69
46 60
55 86
45 95
24 44
52 56
28 71
24 95
11 32
10 94
9 96
47 62
85 98
70 97
58 83
47 49
6 62
6 49
39 49
61 97
31 54
5 19
7 53
8 94
48 55
53 72
14 32
44 95
46 64
43 67
30 65
21 58
43 73
33 97
5 60
67 73
46 51
8 91
27 35
79 99
21 47
47 81
70 82
40 98
67 72
36 43
34 94
35 67
26 75
38 88
11 57
14 22
30 93
22 78
37 39
28 47
59 92
37 86
31 62
30 84
3 94
23 38
3 15
63 88
20 21
13 70
18 34
50 68
43 76
75 79
13 34
48 94
13 51
28 54
61 95
9 16
9 29
84 91
42 92
3 9
54 96
15 66
1 2
1 93
5 64
12 26
7 11
12 63
26 90
0 55
28 68
74 83
9 66
41 74
75 99
10 37
76 85
65 80
15 87
16 50
1 25
68 71
44 89
2 25
0 5
18 55
7 78
46 82
2 91
40 79
23 36
50 80
27 56
65 87
42 77
17 29
2 30
64 69
20 77
19 69
32 33
12 23
20 90
4 52
17 37
45 57
41 99
59 65
21 81
7 89
4 44
12 218
180 193
152 177
60 108
211 201
19 275
24 17
217 245
75 166
40 94
33 124
211 287
222 90
78 188
241 298
79 120
66 58
10 109
55 192
52 296
198 57
176 6
282 282
229 115
192 260
139 206
219 46
235 212
118 12
11 48
159 130
86 11
80 297
87 277
54 170
266 230
259 134
3 136
233 158
4 21
259 88
277 34
154 72
292 151
190 222
147 265
50 244
139 2
28 156
9 1
96 73
64 215
253 182
243 251
84 46
16 190
258 209
124 280
214 4
135 87
33 224
127 255
58 7
187 127
40 276
121 112
75 83
290 208
113 56
66 280
114 217
138 48
286 245
280 170
291 3
252 63
282 132
159 40
242 271
284 90
106 94
155 16
94 223
237 25
114 151
287 111
11 170
84 143
208 157
218 225
203 79
115 179
172 90
177 168
61 151
157 225
38 35
109 239
249 109
296 70
